RELIANCE,1,125,RELIANCE,1,1,1428.0,648.12,1,2025-08-14,0.39,5.5,1,024,548 cr,83,211 cr,strong_buy,1114.85,1114.85,1114.85,1352.49,1310.17,1192.92,1.82,6.04,8.88,None,None,2026-02-02,2026-02-02,nan,nan,nan,nan,nan,nan,nan,nan,nan,nan,nan,nan,nan
BHARTIARTL,126,198,BHARTIARTL,3,1,1997.3,204.916,3,2025-07-18,0.8,16.0,203,465 cr,30,392 cr,buy,nan,735.8,628.75,1912.6,1842.87,1630.15,1.46,4.15,8.24,None,None,2026-02-01,2026-01-12,nan,nan,nan,nan,nan,nan,nan,nan,nan,nan,nan,nan,nan
SBIN,199,379,SBIN,4,1,1227.8,641.361,4,2025-05-16,1.29,15.9,370,053 cr,83,256 cr,buy,680.0,680.0,680.0,1109.02,933.03,759.36,1.52,5.33,7.82,None,None,2026-02-02,2026-02-02,nan,nan,nan,nan,nan,nan,nan,nan,nan,nan,nan,nan,nan
ICICIBANK,380,468,ICICIBANK,5,1,1399.4,487.636,5,2025-08-12,0.79,11.0,192,470 cr,52,954 cr,strong_buy,1186.0,1186.0,268.3,1348.57,1272.58,1166.88,1.34,4.39,6.62,2026-02-02,None,2026-01-06,2026-01-27,nan,nan,nan,nan,nan,nan,nan,nan,nan,nan,nan,nan,nan
TCS,469,639,TCS,6,1,2676.3,313.727,6,2026-01-16,2.13,57.0,260,802 cr,47,716 cr,buy,nan,3591.5,2926.1,2622.86,2640.1,2542.43,2.64,7.87,11.37,None,None,2026-02-12,2026-02-19,nan,nan,nan,nan,nan,nan,nan,nan,nan,nan,nan,nan,nan
BAJFINANCE,640,722,BAJFINANCE,7,1,1031.0,166.188,7,2025-05-30,0.43,4.4,41,260 cr,18,032 cr,buy,nan,618.78,522.0,939.88,883.25,747.0,2.2,5.28,11.07,None,None,2026-02-02,2025-07-31,nan,nan,nan,nan,nan,nan,nan,nan,nan,nan,nan,nan,nan
LT,723,863,LT,8,1,4418.1,736.989,8,2025-06-03,0.77,34.0,282,768 cr,17,124 cr,buy,2965.3,2965.3,2965.3,3987.5,3686.85,3214.81,1.81,5.04,8.24,None,None,2026-02-02,2026-01-23,nan,nan,nan,nan,nan,nan,nan,nan,nan,nan,nan,nan,nan
LICI,864,988,LICI,9,1,883.25,192.552,9,2025-07-25,1.36,12.0,945,585 cr,56,484 cr,buy,715.3,715.3,715.3,834.47,735.31,nan,1.82,5.29,7.67,2026-02-05,None,2026-02-02,2026-02-02,nan,nan,nan,nan,nan,nan,nan,nan,nan,nan,nan,nan,nan
INFY,989,1077,INFY,11,1,1327.5,207.05925,11,2025-10-27,1.73,23.0,1,984 cr,320 cr,buy,1307.0,1307.0,1185.3,1315.61,1313.31,1204.15,3.8,9.49,12.94,2026-02-23,2026-02-13,2026-02-13,2026-02-18,nan,nan,nan,nan,nan,nan,nan,nan,nan,nan,nan,nan,nan
MARUTI,1078,1208,MARUTI,12,1,15072.0,3172.502,12,2025-08-01,0.9,135.0,171,773 cr,14,931 cr,buy,10725.0,10725.0,4001.1,14329.29,13979.14,12107.59,1.69,5.98,11.2,None,None,2026-01-29,2026-02-02,nan,nan,nan,nan,nan,nan,nan,nan,nan,nan,nan,nan,nan
AXISBANK,1209,1309,AXISBANK,13,1,1386.7,666.704,13,2025-07-04,0.07,1.0,76,843 cr,26,257 cr,strong_buy,933.5,933.5,933.5,1293.6,1135.89,984.42,1.88,5.37,7.63,None,None,2026-02-02,2025-07-21,nan,nan,nan,nan,nan,nan,nan,nan,nan,nan,nan,nan,nan
KOTAKBANK,1310,1452,KOTAKBANK,14,1,430.7,169.003,14,2025-07-18,0.12,0.5,76,543 cr,18,797 cr,buy,386.22,386.22,308.77,403.34,388.86,352.28,1.95,4.15,7.1,None,None,2026-01-27,2026-01-27,nan,nan,nan,nan,nan,nan,nan,nan,nan,nan,nan,nan,nan
SUNPHARMA,1453,1573,SUNPHARMA,15,1,1732.3,324.462,15,2026-02-05,0.63,11.0,56,809 cr,10,915 cr,buy,1548.0,1548.0,312.0,1619.86,1544.66,1436.72,1.12,4.33,8.63,None,2025-09-26,2026-01-20,2026-01-21,nan,nan,nan,nan,nan,nan,nan,nan,nan,nan,nan,nan,nan
ITC,1574,1810,ITC,17,1,325.4,56.707,17,2026-02-04,2.0,6.5,79,808 cr,20,376 cr,hold,390.15,390.15,384.54,298.47,309.08,326.42,1.93,5.41,10.4,None,2026-02-23,2026-02-02,2026-02-02,nan,nan,nan,nan,nan,nan,nan,nan,nan,nan,nan,nan,nan
ULTRACEMCO,1811,1897,ULTRACEMCO,19,1,12976.0,2448.889,19,2025-07-25,0.6,77.5,85,775 cr,7,665 cr,buy,10047.85,10047.85,5157.05,12411.24,11166.57,10261.92,1.64,4.3,6.35,None,None,2026-02-20,2025-02-28,nan,nan,nan,nan,nan,nan,nan,nan,nan,nan,nan,nan,nan
TITAN,1898,2008,TITAN,20,1,4272.7,144.377,20,2025-07-08,0.26,11.0,75,580 cr,4,766 cr,buy,2925.0,2925.0,2925.0,3977.7,3625.76,3061.3,1.57,5.24,9.46,None,None,2026-02-01,2026-01-29,nan,nan,nan,nan,nan,nan,nan,nan,nan,nan,nan,nan,nan
NTPC,2009,2117,NTPC,21,1,375.45,198.221,21,2026-02-06,0.73,2.75,187,530 cr,24,177 cr,buy,292.8,292.8,292.8,351.85,300.73,282.82,1.66,5.07,6.28,None,None,2026-02-01,2025-11-11,nan,nan,nan,nan,nan,nan,nan,nan,nan,nan,nan,nan,nan
ADANIPORTS,2118,2188,ADANIPORTS,22,1,1555.8,310.464,22,2025-06-13,0.45,7.0,36,486 cr,12,491 cr,strong_buy,995.65,995.65,995.65,1455.36,1262.87,1138.06,2.51,7.31,9.5,None,None,2026-02-01,2026-01-27,nan,nan,nan,nan,nan,nan,nan,nan,nan,nan,nan,nan,nan
ONGC,2189,2485,ONGC,23,1,275.65,292.589,23,2026-02-18,2.27,6.25,655,996 cr,38,035 cr,buy,205.0,205.0,205.0,256.97,217.81,193.71,2.23,6.75,8.0,None,None,2026-02-01,2025-12-17,nan,nan,nan,nan,nan,nan,nan,nan,nan,nan,nan,nan,nan
BAJAJFINSV,2486,2560,BAJAJFINSV,24,1,2051.6,480.6,24,2025-06-27,0.05,1.0,147,030 cr,9,679 cr,buy,nan,1419.05,1419.05,1949.77,1836.04,1581.18,1.49,4.0,8.5,None,None,2026-02-02,2026-02-02,nan,nan,nan,nan,nan,nan,nan,nan,nan,nan,nan,nan,nan
BEL,2561,2629,BEL,25,1,439.75,29.476,25,2025-08-14,0.2,0.9,26,535 cr,5,963 cr,none,240.25,240.25,18.67,418.32,357.24,319.16,2.5,6.42,9.7,None,None,2026-02-01,2025-12-09,nan,nan,nan,nan,nan,nan,nan,nan,nan,nan,nan,nan,nan
JSWSTEEL,2630,2708,JSWSTEEL,26,1,1240.5,340.317,26,2025-07-08,0.23,2.8,179,109 cr,7,449 cr,buy,880.0,880.0,520.05,1178.63,1083.82,915.96,1.88,4.19,8.24,None,None,2026-02-01,2025-12-10,nan,nan,nan,nan,nan,nan,nan,nan,nan,nan,nan,nan,nan
POWERGRID,2709,2805,POWERGRID,27,1,303.35,106.531,27,2026-02-09,1.07,3.25,47,342 cr,15,524 cr,buy,247.3,247.3,247.3,276.93,236.28,240.18,2.41,5.48,8.19,2026-02-02,None,2026-02-02,2025-11-13,nan,nan,nan,nan,nan,nan,nan,nan,nan,nan,nan,nan,nan
BAJAJ-AUTO,2806,2874,BAJAJ-AUTO,29,1,9905.5,1223.784,29,2025-06-20,2.12,210.0,59,023 cr,8,884 cr,none,7089.35,7089.35,7089.35,9399.81,7965.91,7459.31,1.99,4.92,8.11,None,None,2026-02-02,2025-04-07,nan,nan,nan,nan,nan,nan,nan,nan,nan,nan,nan,nan,nan
VEDL,2875,3017,VEDL,31,1,681.25,102.928,31,2025-08-26,2.35,16.0,160,511 cr,13,573 cr,buy,363.0,363.0,363.0,628.03,527.14,382.31,2.52,9.18,12.01,None,None,2026-02-01,2025-04-09,nan,nan,nan,nan,nan,nan,nan,nan,nan,nan,nan,nan,nan
COALINDIA,3018,3144,COALINDIA,32,1,426.0,171.077,32,2026-02-18,1.29,5.5,128,819 cr,29,859 cr,hold,349.25,349.25,349.25,403.94,360.03,305.46,2.11,6.25,7.61,None,None,2026-02-01,2026-02-16,nan,nan,nan,nan,nan,nan,nan,nan,nan,nan,nan,nan,nan
TATASTEEL,3145,3295,TATASTEEL,33,1,208.14,76.221,33,2025-06-06,1.73,3.6,225,088 cr,9,169 cr,buy,122.62,122.62,122.62,191.99,161.75,135.36,2.5,6.51,10.07,None,None,None,2025-11-24,nan,nan,nan,nan,nan,nan,nan,nan,nan,nan,nan,nan,nan
ADANIENT,3296,3402,ADANIENT,35,1,2191.0,445.61,35,2025-06-13,0.06,1.260331,94,995 cr,13,248 cr,none,2025.0,2025.0,2025.0,2029.68,1812.81,1570.24,2.99,8.89,13.58,None,2026-02-02,2026-01-27,2026-01-27,nan,nan,nan,nan,nan,nan,nan,nan,nan,nan,nan,nan,nan
NESTLEIND,3403,3489,NESTLEIND,34,1,1315.1,22.996,34,2026-02-06,0.53,7.0,21,857 cr,3,261 cr,hold,1055.0,1055.0,1055.0,1248.77,1181.97,1040.08,1.81,4.0,7.03,None,None,2026-02-01,2025-07-31,nan,nan,nan,nan,nan,nan,nan,nan,nan,nan,nan,nan,nan
DMART,3490,3548,DMART,36,1,3845.3,351.86,36,None,nan,nan,66,008 cr,2,864 cr,none,3340.0,3340.0,3340.0,3654.5,3087.88,3372.29,1.89,5.56,10.86,2026-02-02,None,2026-02-01,2024-10-18,nan,nan,nan,nan,nan,nan,nan,nan,nan,nan,nan,nan,nan
IOC,3549,3675,IOC,38,1,176.46,143.199,38,2025-12-18,2.83,5.0,771,396 cr,35,761 cr,buy,110.72,110.72,110.72,164.09,144.99,117.46,1.76,5.97,8.47,None,None,2026-02-01,2025-08-04,nan,nan,nan,nan,nan,nan,nan,nan,nan,nan,nan,nan,nan
ETERNAL,3676,3734,ETERNAL,39,1,268.0,33.193,39,None,nan,nan,42,905 cr,231 cr,buy,194.8,194.8,40.6,258.85,226.53,nan,3.29,10.34,15.37,2026-02-03,None,2026-01-27,2026-01-28,nan,nan,nan,nan,nan,nan,nan,nan,nan,nan,nan,nan,nan
ASIANPAINT,3735,3855,ASIANPAINT,40,1,2429.7,204.34,40,2025-11-18,0.19,4.5,34,649 cr,3,845 cr,hold,2124.75,2124.75,2124.75,2187.53,2241.12,1926.42,1.86,6.45,12.5,2026-02-17,None,2026-01-28,2026-02-02,nan,nan,nan,nan,nan,nan,nan,nan,nan,nan,nan,nan,nan
EICHERMOT,3856,3976,EICHERMOT,41,1,8038.5,805.256,41,2025-08-01,0.87,70.0,22,431 cr,5,357 cr,buy,nan,2836.0,2159.55,7391.7,6602.14,5348.08,1.85,5.93,9.39,2026-02-03,None,2026-02-02,2026-02-02,nan,nan,nan,nan,nan,nan,nan,nan,nan,nan,nan,nan,nan
WIPRO,3977,4151,WIPRO,42,1,205.89,85.612,42,2026-01-27,2.91,6.0,90,891 cr,13,265 cr,hold,228.0,228.0,176.0,202.37,208.32,179.41,3.04,8.27,13.63,None,2026-02-23,2026-02-12,2026-02-16,nan,nan,nan,nan,nan,nan,nan,nan,nan,nan,nan,nan,nan
SBILIFE,4152,4220,SBILIFE,43,1,2109.6,189.622,43,2025-03-07,0.13,2.7,131,257 cr,2,479 cr,strong_buy,1372.55,1372.55,519.4,1962.61,1783.36,1296.6,1.69,3.86,7.26,2026-02-02,None,2026-02-01,2026-02-02,nan,nan,nan,nan,nan,nan,nan,nan,nan,nan,nan,nan,nan
SHRIRAMFIN,4221,4303,SHRIRAMFIN,45,1,1064.7,322.11,45,2025-11-07,0.45,4.8,19,907 cr,9,147 cr,strong_buy,566.5,566.5,200.4,968.98,815.78,626.59,2.29,6.08,10.73,None,None,2026-02-02,2025-04-28,nan,nan,nan,nan,nan,nan,nan,nan,nan,nan,nan,nan,nan
GRASIM,4304,4398,GRASIM,46,1,2873.4,1468.673,46,2025-08-12,0.35,10.0,168,596 cr,4,504 cr,buy,2276.95,2276.95,1271.54,2773.69,2560.11,2298.63,2.06,4.75,7.67,None,None,2026-02-01,2025-11-10,nan,nan,nan,nan,nan,nan,nan,nan,nan,nan,nan,nan,nan
INDIGO,4399,4481,INDIGO,47,1,4862.2,223.364,47,2025-08-13,0.21,10.0,84,675 cr,3,211 cr,buy,3780.0,3780.0,1511.75,4553.91,4219.35,3349.69,1.66,5.32,12.32,None,None,2026-02-20,2025-12-15,nan,nan,nan,nan,nan,nan,nan,nan,nan,nan,nan,nan,nan
TVSMOTOR,4482,4592,TVSMOTOR,49,1,3829.1,170.789,49,2025-03-26,0.26,10.0,52,481 cr,2,884 cr,buy,2171.4,2171.4,240.1,3636.75,3237.97,2678.08,1.99,4.88,9.17,2026-02-01,None,2026-02-01,2025-01-13,nan,nan,nan,nan,nan,nan,nan,nan,nan,nan,nan,nan,nan
DIVISLAB,4593,4683,DIVISLAB,51,1,6293.5,580.952,51,2025-07-25,0.48,30.0,10,314 cr,2,479 cr,hold,5636.5,5636.5,2730.0,5827.51,5477.7,4939.87,2.01,6.63,11.53,None,None,2026-01-12,2026-01-21,nan,nan,nan,nan,nan,nan,nan,nan,nan,nan,nan,nan,nan
JIOFIN,4684,4798,JIOFIN,52,1,257.8,213.244,52,2025-08-11,0.19,0.5,2,506 cr,1,604 cr,none,198.65,198.65,198.65,246.95,244.3,nan,1.65,7.59,12.08,None,None,2026-02-01,2026-02-02,nan,nan,nan,nan,nan,nan,nan,nan,nan,nan,nan,nan,nan
BANKBARODA,4799,4889,BANKBARODA,53,1,313.35,317.695,53,2025-06-06,2.66,8.35,64,966 cr,19,465 cr,buy,190.7,190.7,190.7,281.58,261.01,207.93,2.13,6.56,7.87,2026-02-03,None,2026-02-02,2026-02-03,nan,nan,nan,nan,nan,nan,nan,nan,nan,nan,nan,nan,nan
BPCL,4890,4948,BPCL,54,1,372.1,219.838,54,2026-02-02,2.69,10.0,447,757 cr,24,610 cr,buy,234.01,234.01,234.01,352.77,319.61,267.71,2.15,6.66,9.38,None,None,2026-02-02,2025-08-05,nan,nan,nan,nan,nan,nan,nan,nan,nan,nan,nan,nan,nan
ADANIGREEN,4949,5057,ADANIGREEN,56,1,970.35,114.432,56,None,nan,nan,12,638 cr,1,368 cr,strong_buy,758.0,758.0,758.0,886.29,695.07,nan,3.79,10.46,18.83,None,None,2026-01-27,2026-01-28,nan,nan,nan,nan,nan,nan,nan,nan,nan,nan,nan,nan,nan
DLF,5058,5124,DLF,57,1,626.3,173.817,57,2025-07-28,0.96,6.0,9,507 cr,4,428 cr,strong_buy,601.2,601.2,294.7,593.67,553.8,570.79,2.62,7.74,12.77,2026-02-11,2026-01-27,2026-02-13,2026-01-27,nan,nan,nan,nan,nan,nan,nan,nan,nan,nan,nan,nan,nan
VBL,5125,5207,VBL,59,1,457.3,57.542,59,2025-08-01,0.11,0.5,21,685 cr,3,036 cr,strong_buy,419.55,419.55,419.55,427.82,400.37,369.59,1.93,6.65,12.03,None,None,2026-02-04,2026-02-06,nan,nan,nan,nan,nan,nan,nan,nan,nan,nan,nan,nan,nan
PIDILITIND,5208,5296,PIDILITIND,61,1,1481.0,93.848,61,2025-07-23,0.68,10.0,14,158 cr,2,292 cr,none,1311.1,1311.1,1311.1,1427.47,1351.58,1260.57,1.53,3.78,7.06,2026-02-04,None,2026-01-21,2026-02-02,nan,nan,nan,nan,nan,nan,nan,nan,nan,nan,nan,nan,nan
UNIONBANK,5297,5363,UNIONBANK,60,1,197.78,171.659,60,2025-07-25,2.4,4.75,54,158 cr,18,937 cr,none,100.81,100.81,100.81,174.16,143.65,107.26,3.1,7.52,9.86,None,None,2026-02-01,2025-01-14,nan,nan,nan,nan,nan,nan,nan,nan,nan,nan,nan,nan,nan
PNB,5364,5456,PNB,62,1,130.27,129.58,62,2025-06-20,2.23,2.9,51,307 cr,17,790 cr,hold,85.46,85.46,85.46,118.19,108.23,77.86,2.82,7.81,9.34,None,None,2026-01-20,2025-12-08,nan,nan,nan,nan,nan,nan,nan,nan,nan,nan,nan,nan,nan
IRFC,5457,5555,IRFC,64,1,111.89,43.36,64,2025-10-24,0.94,1.05,7,199 cr,7,006 cr,none,108.04,108.04,108.04,106.05,92.54,nan,1.85,6.61,12.48,None,None,2026-02-01,2026-01-21,nan,nan,nan,nan,nan,nan,nan,nan,nan,nan,nan,nan,nan
BRITANNIA,5556,5638,BRITANNIA,63,1,6122.5,154.997,63,2025-08-04,1.22,75.0,18,807 cr,2,415 cr,buy,4506.0,4506.0,4506.0,5808.41,5253.25,4920.98,1.74,4.23,8.21,None,None,2026-01-28,2025-08-11,nan,nan,nan,nan,nan,nan,nan,nan,nan,nan,nan,nan,nan
TORNTPHARM,5639,5777,TORNTPHARM,65,1,4307.6,249.467,65,2026-02-18,0.67,29.0,12,742 cr,2,272 cr,buy,2886.45,2886.45,1242.07,3996.39,3555.14,3100.77,2.16,5.1,6.7,None,None,2026-01-30,2026-01-30,nan,nan,nan,nan,nan,nan,nan,nan,nan,nan,nan,nan,nan
TRENT,5778,5854,TRENT,66,1,4054.9,171.62,66,2025-06-12,0.12,5.0,19,263 cr,1,637 cr,buy,4488.0,4488.0,109.5,3762.86,2778.87,3748.3,2.29,7.56,15.03,None,2026-02-23,2026-02-05,2025-07-04,nan,nan,nan,nan,nan,nan,nan,nan,nan,nan,nan,nan,nan
CHOLAFIN,5855,5927,CHOLAFIN,67,1,1689.8,308.193,67,2026-02-05,0.08,1.3,12,411 cr,4,847 cr,buy,1168.0,1168.0,117.4,1611.49,1472.33,1315.56,2.08,6.52,11.83,2026-02-02,None,2026-02-02,2026-02-02,nan,nan,nan,nan,nan,nan,nan,nan,nan,nan,nan,nan,nan
LTIM,5928,6052,LTIM,68,1,4831.5,799.109,68,2025-10-24,0.46,22.0,40,968 cr,4,754 cr,hold,3802.0,3802.0,3802.0,4819.47,4832.19,4332.39,3.16,10.24,14.58,None,None,2026-02-12,2026-02-23,nan,nan,nan,nan,nan,nan,nan,nan,nan,nan,nan,nan,nan
CANBK,6053,6177,CANBK,70,1,156.44,129.35,70,2025-06-13,2.56,4.0,53,481 cr,20,201 cr,buy,78.6,78.6,78.6,138.86,128.86,97.81,2.65,8.62,10.4,None,None,2026-02-01,2026-02-02,nan,nan,nan,nan,nan,nan,nan,nan,nan,nan,nan,nan,nan
TMPV,6178,6242,TMPV,71,1,379.95,300.66,71,2025-06-04,1.58,6.0,402,113 cr,3,625 cr,hold,nan,nan,nan,nan,nan,nan,2.26,5.83,nan,2026-01-29,None,2026-01-19,None,nan,nan,nan,nan,nan,nan,nan,nan,nan,nan,nan,nan,nan
MUTHOOTFIN,6243,6313,MUTHOOTFIN,72,1,3473.2,887.275,72,2025-04-25,0.75,26.0,17,049 cr,8,718 cr,hold,nan,911.25,911.25,3321.12,3209.73,2328.23,3.86,9.93,12.51,2026-02-23,None,2026-02-13,2026-02-17,nan,nan,nan,nan,nan,nan,nan,nan,nan,nan,nan,nan,nan
MOTHERSON,6314,6432,MOTHERSON,73,1,130.82,35.022,73,2025-06-23,0.18,0.233333,120,613 cr,3,413 cr,buy,71.5,71.5,71.5,119.54,92.18,80.81,2.57,7.37,11.89,None,None,2026-01-12,2026-01-21,nan,nan,nan,nan,nan,nan,nan,nan,nan,nan,nan,nan,nan
PFC,6433,6559,PFC,74,1,411.8,356.772,74,2026-02-20,0.97,4.0,49,932 cr,25,218 cr,strong_buy,357.25,357.25,77.68,381.22,315.28,314.77,2.43,7.74,10.53,None,2026-01-27,2025-12-18,2025-12-09,nan,nan,nan,nan,nan,nan,nan,nan,nan,nan,nan,nan,nan
CUMMINSIND,6560,6640,CUMMINSIND,75,1,4884.3,284.807,75,2026-02-11,0.41,20.0,11,602 cr,2,241 cr,buy,2580.0,2580.0,2580.0,4195.07,3616.34,3171.28,2.86,6.37,10.45,None,None,2026-02-05,2026-01-13,nan,nan,nan,nan,nan,nan,nan,nan,nan,nan,nan,nan,nan
INDIANB,6641,6713,INDIANB,76,1,982.75,593.249,76,2025-06-10,1.65,16.25,34,127 cr,11,512 cr,none,473.9,473.9,41.55,832.46,760.69,580.84,2.93,7.44,11.55,None,None,2026-02-02,2025-12-09,nan,nan,nan,nan,nan,nan,nan,nan,nan,nan,nan,nan,nan
TECHM,6714,6802,TECHM,78,1,1440.9,310.382,78,2025-10-20,1.04,15.0,55,123 cr,4,623 cr,buy,1209.4,1209.4,943.7,1435.75,1359.33,1196.51,3.41,8.57,13.05,2026-02-23,None,2026-02-13,2026-02-23,nan,nan,nan,nan,nan,nan,nan,nan,nan,nan,nan,nan,nan
AMBUJACEM,6803,6891,AMBUJACEM,79,1,515.3,227.549,79,2025-06-13,0.39,2.0,39,429 cr,3,694 cr,buy,453.05,453.05,453.05,502.78,468.78,445.75,2.01,7.03,9.45,None,None,2026-02-01,2026-02-02,nan,nan,nan,nan,nan,nan,nan,nan,nan,nan,nan,nan,nan
BAJAJHLDNG,6892,6966,BAJAJHLDNG,77,1,11501.0,6095.892,77,2025-09-22,0.57,65.0,1,195 cr,8,787 cr,none,nan,7659.95,1460.15,10309.23,9553.34,10085.36,2.68,4.82,13.68,2026-02-13,None,2026-02-02,2025-10-03,nan,nan,nan,nan,nan,nan,nan,nan,nan,nan,nan,nan,nan
GODREJCP,6967,7051,GODREJCP,81,1,1222.9,118.898,81,2026-01-30,0.41,5.0,15,184 cr,1,821 cr,buy,979.5,979.5,979.5,1139.81,1025.51,979.15,2.13,4.79,9.54,None,None,2026-02-19,2026-02-02,nan,nan,nan,nan,nan,nan,nan,nan,nan,nan,nan,nan,nan
ABB,7052,7166,ABB,80,1,5917.5,369.849,80,2026-04-29,0.5,29.59,13,202 cr,1,669 cr,hold,4684.45,4684.45,722.0,5429.7,3972.99,4254.89,3.93,7.39,9.61,None,2026-01-27,2026-02-23,2026-01-21,nan,nan,nan,nan,nan,nan,nan,nan,nan,nan,nan,nan,nan
INDUSTOWER,7167,7239,INDUSTOWER,82,1,472.2,143.571,82,2022-05-13,2.33,11.0,32,119 cr,7,131 cr,buy,312.55,312.55,135.15,437.32,348.94,294.08,2.13,6.15,10.58,None,2025-09-03,2026-02-01,2026-01-21,nan,nan,nan,nan,nan,nan,nan,nan,nan,nan,nan,nan,nan
ASHOKLEY,7240,7328,ASHOKLEY,83,1,210.76,21.478,83,2025-11-18,0.47,1.0,53,811 cr,3,310 cr,buy,95.93,95.93,95.93,191.62,158.22,118.76,2.48,6.13,10.07,None,None,2026-01-20,2025-01-13,nan,nan,nan,nan,nan,nan,nan,nan,nan,nan,nan,nan,nan
JINDALSTEL,7329,7425,JINDALSTEL,84,1,1216.6,488.235,84,2025-08-22,0.16,2.0,50,190 cr,1,983 cr,buy,723.35,723.35,723.35,1118.55,952.65,835.11,2.36,6.37,9.67,None,None,2026-01-08,2025-04-09,nan,nan,nan,nan,nan,nan,nan,nan,nan,nan,nan,nan,nan
TATAPOWER,7426,7530,TATAPOWER,86,1,379.25,118.481,86,2025-06-20,0.59,2.25,64,624 cr,3,794 cr,buy,326.35,326.35,326.35,356.92,327.53,311.75,2.26,5.77,8.58,None,None,2026-01-09,2026-01-27,nan,nan,nan,nan,nan,nan,nan,nan,nan,nan,nan,nan,nan
SOLARINDS,7531,7637,SOLARINDS,87,1,13370.0,565.321,87,2025-07-08,0.07,10.0,8,951 cr,1,452 cr,none,8482.5,8482.5,773.05,12520.59,10467.1,11082.92,2.49,7.95,11.69,None,None,2026-02-01,2024-12-23,nan,nan,nan,nan,nan,nan,nan,nan,nan,nan,nan,nan,nan
ADANIENSOL,7638,7742,ADANIENSOL,88,1,1003.8,194.438,88,None,nan,nan,26,519 cr,2,246 cr,none,744.9,744.9,588.0,917.75,788.77,nan,2.96,10.24,15.28,None,None,2026-01-23,2026-01-27,nan,nan,nan,nan,nan,nan,nan,nan,nan,nan,nan,nan,nan
POLYCAB,7743,7801,POLYCAB,89,1,7974.0,745.354,89,2025-06-24,0.44,35.0,27,005 cr,2,626 cr,buy,4555.0,4555.0,4555.0,7193.72,6161.46,nan,2.04,6.81,10.11,None,None,2026-01-21,2026-01-27,nan,nan,nan,nan,nan,nan,nan,nan,nan,nan,nan,nan,nan
IDEA,7802,7828,IDEA,90,1,10.98,-7.613,90,2016-09-22,3.29,0.361781,44,436 cr,-24,584 cr,hold,6.12,6.12,5.7,10.01,7.66,-2.44,2.76,9.1,21.08,2026-01-30,2025-09-05,2026-01-01,2025-12-31,nan,nan,nan,nan,nan,nan,nan,nan,nan,nan,nan,nan,nan
SIEMENS,7829,7885,SIEMENS,91,1,3302.2,371.813,91,2025-01-30,0.36,12.0,17,364 cr,1,687 cr,buy,2450.0,2450.0,2450.0,2975.47,2372.26,2533.3,3.58,6.49,10.16,None,None,2026-02-01,2025-12-12,nan,nan,nan,nan,nan,nan,nan,nan,nan,nan,nan,nan,nan
TATACONSUM,7886,7976,TATACONSUM,93,1,1171.8,205.423,93,2025-05-29,0.7,8.25,19,465 cr,1,468 cr,buy,882.9,882.9,882.9,1113.28,1032.58,924.6,1.91,5.8,7.38,None,None,2026-02-01,2026-02-02,nan,nan,nan,nan,nan,nan,nan,nan,nan,nan,nan,nan,nan
CGPOWER,7977,8049,CGPOWER,94,1,720.5,47.36,94,2026-01-30,0.18,1.3,11,729 cr,1,112 cr,none,517.7,517.7,517.7,623.19,522.94,545.09,2.51,8.54,12.95,None,None,2026-02-01,2026-01-12,nan,nan,nan,nan,nan,nan,nan,nan,nan,nan,nan,nan,nan
BSE,8050,8114,BSE,95,1,2725.3,155.005,95,2025-05-14,0.28,7.666667,4,315 cr,2,176 cr,buy,2021.5,2021.5,135.4,2576.53,2210.1,942.74,3.33,10.09,17.93,2026-02-02,None,2026-02-16,2025-03-11,nan,nan,nan,nan,nan,nan,nan,nan,nan,nan,nan,nan,nan
APOLLOHOSP,8115,8227,APOLLOHOSP,96,1,7693.0,632.453,96,2026-02-16,0.13,10.0,24,215 cr,1,802 cr,strong_buy,6001.0,6001.0,3361.55,7024.57,6542.94,6080.59,1.29,5.17,9.32,2026-02-02,None,2026-02-11,2026-01-23,nan,nan,nan,nan,nan,nan,nan,nan,nan,nan,nan,nan,nan
GAIL,8228,8356,GAIL,97,1,167.13,134.062,97,2026-02-05,2.99,5.0,142,463 cr,8,589 cr,none,150.52,150.52,150.52,157.65,139.68,140.06,1.91,5.26,8.19,None,None,2026-02-01,2025-12-09,nan,nan,nan,nan,nan,nan,nan,nan,nan,nan,nan,nan,nan
DRREDDY,8357,8451,DRREDDY,99,1,1307.4,447.25,99,2025-07-10,0.61,8.0,34,583 cr,5,658 cr,hold,1020.0,1020.0,1020.0,1201.84,1116.13,1050.33,1.59,5.28,8.0,None,None,2026-01-22,2025-10-30,nan,nan,nan,nan,nan,nan,nan,nan,nan,nan,nan,nan,nan
POWERINDIA,8452,8562,POWERINDIA,100,1,24243.0,1028.231,100,2025-08-13,0.02,6.0,7,286 cr,841 cr,buy,8801.0,8801.0,nan,19091.54,15484.12,nan,2.88,8.78,16.5,None,None,2026-01-09,2025-12-09,nan,nan,nan,nan,nan,nan,nan,nan,nan,nan,nan,nan,nan
CIPLA,8563,8661,CIPLA,102,1,1326.5,407.531,102,2025-06-27,1.21,16.0,27,967 cr,4,546 cr,hold,1335.0,1335.0,852.0,1263.48,1296.74,1240.43,1.73,5.41,9.74,None,2026-02-23,2026-02-23,2026-01-28,nan,nan,nan,nan,nan,nan,nan,nan,nan,nan,nan,nan,nan
LODHA,8662,8764,LODHA,101,1,1072.9,213.103,101,2025-08-22,0.4,4.25,16,345 cr,3,342 cr,none,1035.15,1035.15,355.5,980.07,810.35,nan,2.82,9.16,14.37,2026-02-06,2026-02-06,2026-02-01,2026-01-29,nan,nan,nan,nan,nan,nan,nan,nan,nan,nan,nan,nan,nan
GMRAIRPORT,8765,8855,GMRAIRPORT,103,1,100.84,-2.948,103,2014-09-09,0.1,0.098109,13,732 cr,-364 cr,strong_buy,67.75,67.75,67.75,91.23,85.83,76.04,2.85,7.45,12.5,None,None,2026-02-01,2026-01-27,nan,nan,nan,nan,nan,nan,nan,nan,nan,nan,nan,nan,nan
MAXHEALTH,8856,8938,MAXHEALTH,105,1,1083.6,102.713,105,2025-07-04,0.14,1.5,8,140 cr,1,419 cr,buy,nan,326.15,nan,976.57,911.35,nan,2.14,5.86,12.51,2026-02-11,None,2026-01-27,2025-10-03,nan,nan,nan,nan,nan,nan,nan,nan,nan,nan,nan,nan,nan
BOSCHLTD,8939,9047,BOSCHLTD,106,1,35340.0,4752.635,106,2025-07-29,1.45,512.0,19,184 cr,2,756 cr,hold,25921.6,25921.6,25921.6,34042.22,30949.43,29348.6,1.96,5.37,9.63,2026-01-27,None,2026-01-02,2026-01-21,nan,nan,nan,nan,nan,nan,nan,nan,nan,nan,nan,nan,nan
UNITDSPR,9048,9140,UNITDSPR,109,1,1416.9,118.328,109,2026-01-27,0.42,6.0,12,919 cr,1,720 cr,buy,1271.1,1279.2,nan,1335.01,nan,nan,1.95,4.53,8.05,None,None,2026-01-21,2026-01-21,nan,nan,nan,nan,nan,nan,nan,nan,nan,nan,nan,nan,nan
MARICO,9141,9243,MARICO,107,1,801.45,31.258,107,2025-08-01,0.87,7.0,13,008 cr,1,714 cr,buy,577.85,577.85,486.3,742.47,677.6,623.38,2.16,4.03,7.91,None,None,2026-02-02,2026-02-02,nan,nan,nan,nan,nan,nan,nan,nan,nan,nan,nan,nan,nan
LUPIN,9244,9314,LUPIN,110,1,2241.4,429.868,110,2025-07-25,0.54,12.0,26,150 cr,4,645 cr,buy,1795.2,1795.2,583.0,2135.73,1911.9,1655.58,1.89,4.51,6.77,None,None,2026-02-01,2025-04-07,nan,nan,nan,nan,nan,nan,nan,nan,nan,nan,nan,nan,nan
ICICIGI,9315,9383,ICICIGI,112,1,1953.8,346.008,112,2025-10-23,0.33,6.5,26,374 cr,2,735 cr,buy,1613.7,1613.7,1049.05,1821.57,1683.02,1749.53,1.69,5.08,8.2,None,None,2026-01-08,2026-01-21,nan,nan,nan,nan,nan,nan,nan,nan,nan,nan,nan,nan,nan
INDHOTEL,9384,9496,INDHOTEL,114,1,675.1,81.28,114,2025-06-30,0.33,2.25,9,611 cr,2,006 cr,buy,nan,371.6,60.22,647.61,616.05,612.24,2.64,6.33,11.31,None,None,2026-02-01,2026-01-27,nan,nan,nan,nan,nan,nan,nan,nan,nan,nan,nan,nan,nan
SHREECEM,9497,9567,SHREECEM,115,1,26550.0,6219.59,115,2025-11-03,0.3,80.0,20,374 cr,1,792 cr,hold,23500.0,23500.0,23500.0,25380.25,24139.03,23831.47,2.25,5.08,7.36,None,None,2026-02-09,2024-08-09,nan,nan,nan,nan,nan,nan,nan,nan,nan,nan,nan,nan,nan
ICICIPRULI,9568,9652,ICICIPRULI,113,1,664.15,92.934,113,2025-06-12,0.13,0.85,76,103 cr,1,369 cr,buy,525.8,525.8,380.7,619.19,555.34,549.4,2.05,5.12,8.26,None,None,2026-01-08,2026-01-30,nan,nan,nan,nan,nan,nan,nan,nan,nan,nan,nan,nan,nan
RECLTD,9653,9755,RECLTD,118,1,352.2,317.1,118,2026-02-06,1.31,4.6,23,884 cr,17,209 cr,strong_buy,357.35,357.35,82.24,338.64,289.94,282.98,2.4,7.89,10.4,None,2026-02-23,2026-02-01,2026-02-13,nan,nan,nan,nan,nan,nan,nan,nan,nan,nan,nan,nan,nan
MAZDOCK,9756,9856,MAZDOCK,119,1,2280.8,220.89,119,2026-02-13,0.33,7.5,12,330 cr,2,406 cr,hold,1918.05,1918.05,nan,2222.57,1847.42,nan,2.9,7.93,14.56,2026-02-23,None,2026-02-23,2025-12-09,nan,nan,nan,nan,nan,nan,nan,nan,nan,nan,nan,nan,nan
ZYDUSLIFE,9857,9923,ZYDUSLIFE,120,1,907.95,251.492,120,2025-07-25,1.21,11.0,26,089 cr,4,938 cr,hold,795.0,795.0,795.0,867.14,767.17,740.03,1.57,4.4,8.23,None,None,2026-02-06,2025-11-07,nan,nan,nan,nan,nan,nan,nan,nan,nan,nan,nan,nan,nan
DABUR,9924,9990,DABUR,121,1,514.35,61.748,121,2025-11-07,0.53,2.75,12,984 cr,1,846 cr,hold,433.3,433.3,433.3,487.87,444.26,434.39,2.23,4.65,8.82,None,None,2026-02-19,2025-10-01,nan,nan,nan,nan,nan,nan,nan,nan,nan,nan,nan,nan,nan
ABCAPITAL,9991,10043,ABCAPITAL,122,1,346.2,123.042,122,None,nan,nan,31,611 cr,3,500 cr,none,149.01,149.01,149.01,325.95,292.49,103.98,2.65,7.11,10.7,2026-02-17,None,2026-02-02,2026-02-02,nan,nan,nan,nan,nan,nan,nan,nan,nan,nan,nan,nan,nan
BHEL,10044,10138,BHEL,123,1,258.25,70.292,123,2025-08-01,0.19,0.5,30,465 cr,814 cr,hold,176.0,176.0,176.0,236.3,212.84,195.67,2.86,9.83,15.66,None,None,2026-02-11,2026-01-12,nan,nan,nan,nan,nan,nan,nan,nan,nan,nan,nan,nan,nan
BHARATFORG,10139,10221,BHARATFORG,125,1,1832.0,195.841,125,2026-02-18,0.11,2.0,16,136 cr,1,129 cr,hold,919.1,919.1,919.1,1580.91,1213.14,1059.87,2.6,6.97,10.77,None,None,2026-02-01,2025-04-09,nan,nan,nan,nan,nan,nan,nan,nan,nan,nan,nan,nan,nan
JSWENERGY,10222,10302,JSWENERGY,126,1,486.4,166.968,126,2025-06-06,0.41,2.0,17,592 cr,2,275 cr,buy,418.75,418.75,418.75,448.41,383.07,375.34,2.82,6.3,13.09,None,None,2026-01-27,2026-01-28,nan,nan,nan,nan,nan,nan,nan,nan,nan,nan,nan,nan,nan
MANKIND,10303,10383,MANKIND,128,1,2046.6,370.263,128,2025-08-08,0.05,1.0,13,914 cr,1,783 cr,buy,2132.0,2132.0,nan,1947.93,1884.22,nan,1.85,4.81,10.28,2026-02-23,2026-02-23,2026-01-19,2025-01-27,nan,nan,nan,nan,nan,nan,nan,nan,nan,nan,nan,nan,nan
WAAREEENER,10384,10446,WAAREEENER,129,1,2915.8,399.818,129,2025-10-24,0.07,2.0,22,060 cr,3,269 cr,buy,1863.0,1863.0,nan,2669.72,nan,nan,3.05,10.46,19.11,None,None,2026-02-01,2026-01-06,nan,nan,nan,nan,nan,nan,nan,nan,nan,nan,nan,nan,nan
SWIGGY,10447,10513,SWIGGY,131,1,321.1,42.192,131,None,nan,nan,21,079 cr,-4,434 cr,buy,297.0,297.0,nan,296.6,nan,nan,2.95,9.43,18.24,None,None,2026-01-30,2026-01-12,nan,nan,nan,nan,nan,nan,nan,nan,nan,nan,nan,nan,nan
BANKINDIA,10514,10644,BANKINDIA,132,1,174.13,189.861,132,2025-06-20,2.33,4.05,31,490 cr,9,820 cr,buy,90.05,90.05,90.05,155.35,132.17,92.32,2.55,8.1,10.1,None,None,2026-02-01,2026-02-02,nan,nan,nan,nan,nan,nan,nan,nan,nan,nan,nan,nan,nan
SRF,10645,10761,SRF,133,1,2646.1,447.61,133,2026-01-27,0.19,5.0,15,484 cr,1,779 cr,buy,2126.85,2126.85,2040.0,2576.24,2569.06,2349.07,3.04,8.8,12.95,2026-02-23,None,2026-02-18,2026-01-27,nan,nan,nan,nan,nan,nan,nan,nan,nan,nan,nan,nan,nan
PERSISTENT,10762,10830,PERSISTENT,134,1,4977.5,497.651,134,2026-01-27,0.44,22.0,13,934 cr,1,731 cr,buy,4148.95,4785.0,1546.03,5052.32,4922.14,4596.36,4.71,10.56,17.79,None,None,2026-02-12,2026-02-23,nan,nan,nan,nan,nan,nan,nan,nan,nan,nan,nan,nan,nan
TORNTPOWER,10831,10957,TORNTPOWER,135,1,1536.4,373.253,135,2026-02-16,0.98,15.0,29,016 cr,3,157 cr,hold,1207.25,1207.25,415.25,1385.53,1069.39,1127.19,2.92,7.13,9.64,None,2025-10-07,2026-02-01,2026-01-23,nan,nan,nan,nan,nan,nan,nan,nan,nan,nan,nan,nan,nan
OIL,10958,11048,OIL,136,1,473.75,345.697,136,2026-02-18,1.48,7.0,33,484 cr,5,830 cr,buy,325.0,325.0,325.0,443.13,335.93,341.41,2.97,9.82,11.63,None,None,2026-01-08,2025-04-07,nan,nan,nan,nan,nan,nan,nan,nan,nan,nan,nan,nan,nan
NYKAA,11049,11141,NYKAA,137,1,266.73,4.837,137,None,nan,nan,9,436 cr,141 cr,none,154.9,154.9,114.25,245.12,225.98,nan,2.62,7.32,13.19,2026-02-03,None,2026-01-20,None,nan,nan,nan,nan,nan,nan,nan,nan,nan,nan,nan,nan,nan
PAYTM,11142,11204,PAYTM,139,1,1173.7,241.057,139,None,nan,nan,8,084 cr,-170 cr,buy,651.5,651.5,310.0,1070.91,997.79,nan,3.23,11.34,16.88,None,None,2026-02-01,2026-01-30,nan,nan,nan,nan,nan,nan,nan,nan,nan,nan,nan,nan,nan
LTF,11205,11257,LTF,140,1,299.65,105.455,140,2025-05-27,0.92,2.75,8,458 cr,2,810 cr,buy,129.2,129.2,129.2,272.42,253.5,181.65,2.67,8.16,11.79,None,None,2026-02-02,2024-10-25,nan,nan,nan,nan,nan,nan,nan,nan,nan,nan,nan,nan,nan
SBICARD,11258,11338,SBICARD,141,1,784.25,155.423,141,2025-02-25,0.32,2.5,11,374 cr,2,091 cr,hold,659.8,659.8,647.95,723.45,721.46,nan,2.63,6.31,11.33,2026-02-19,None,2026-02-01,2026-02-02,nan,nan,nan,nan,nan,nan,nan,nan,nan,nan,nan,nan,nan
NHPC,11339,11399,NHPC,142,1,74.08,41.182,142,2026-02-10,1.89,1.4,11,162 cr,3,159 cr,hold,71.0,71.0,71.0,71.99,66.53,66.99,2.05,6.42,11.07,2026-02-23,None,2025-12-29,2025-11-24,nan,nan,nan,nan,nan,nan,nan,nan,nan,nan,nan,nan,nan
FEDERALBNK,11400,11498,FEDERALBNK,143,1,296.2,147.705,143,2025-08-22,0.41,1.2,14,097 cr,4,095 cr,buy,172.66,172.66,35.7,266.99,236.95,190.18,2.08,6.15,9.04,None,None,2026-02-11,2025-08-04,nan,nan,nan,nan,nan,nan,nan,nan,nan,nan,nan,nan,nan
AUBANK,11499,11575,AUBANK,144,1,974.1,245.579,144,2025-07-04,0.1,1.0,9,651 cr,2,313 cr,buy,489.45,489.45,489.45,938.15,844.17,299.67,2.8,5.29,9.95,None,None,2026-02-23,2025-07-22,nan,nan,nan,nan,nan,nan,nan,nan,nan,nan,nan,nan,nan
INDUSINDBK,11576,11640,INDUSINDBK,146,1,919.75,835.417,146,2024-06-28,1.79,16.5,13,874 cr,-2,033 cr,hold,710.6,710.6,606.0,879.35,693.35,400.41,2.46,6.33,9.75,None,None,2026-01-27,2026-01-27,nan,nan,nan,nan,nan,nan,nan,nan,nan,nan,nan,nan,nan
POLICYBZR,11641,11723,POLICYBZR,152,1,1496.0,147.566,152,None,nan,nan,6,240 cr,579 cr,buy,1311.35,1311.35,356.2,1367.12,1345.39,nan,3.02,7.85,15.43,None,None,2026-02-04,2026-02-05,nan,nan,nan,nan,nan,nan,nan,nan,nan,nan,nan,nan,nan
FORTIS,11724,11790,FORTIS,149,1,919.7,124.776,149,2025-07-25,0.11,1.0,8,773 cr,959 cr,strong_buy,nan,245.5,219.75,815.47,761.18,710.81,2.21,5.89,12.32,None,None,None,2025-01-29,nan,nan,nan,nan,nan,nan,nan,nan,nan,nan,nan,nan,nan
NMDC,11791,11903,NMDC,150,1,78.91,36.917,150,2026-02-13,3.17,2.5,27,732 cr,6,901 cr,hold,59.53,59.53,59.53,76.56,69.61,59.7,2.77,8.17,10.42,None,None,2026-02-13,2026-01-23,nan,nan,nan,nan,nan,nan,nan,nan,nan,nan,nan,nan,nan
UNOMINDA,11904,11952,UNOMINDA,153,1,1196.0,108.179,153,2026-02-11,0.08,0.9,18,849 cr,1,137 cr,buy,767.6,767.6,767.6,1112.24,1013.93,956.1,2.32,7.27,14.44,2026-02-09,None,2026-01-12,2026-01-21,nan,nan,nan,nan,nan,nan,nan,nan,nan,nan,nan,nan,nan
NAUKRI,11953,12021,NAUKRI,151,1,1069.7,751.29,151,2026-02-20,0.22,2.4,3,165 cr,1,347 cr,buy,1157.0,1157.0,661.64,1060.35,1048.3,1032.48,3.74,9.14,12.84,2026-02-23,2026-02-23,2026-02-04,2026-02-23,nan,nan,nan,nan,nan,nan,nan,nan,nan,nan,nan,nan,nan
AUROPHARMA,12022,12116,AUROPHARMA,156,1,1150.6,603.395,156,2025-08-08,0.35,4.0,33,181 cr,3,487 cr,buy,1010.0,1016.1,1010.0,1104.08,992.43,829.58,3.6,7.16,10.44,None,None,2026-02-10,2026-02-10,nan,nan,nan,nan,nan,nan,nan,nan,nan,nan,nan,nan,nan
RVNL,12117,12181,RVNL,157,1,319.2,45.655,157,2026-02-11,0.31,1.0,20,143 cr,1,146 cr,underperform,nan,29.0,10.0,287.74,218.11,nan,2.4,8.73,17.4,None,None,2026-02-02,2025-02-17,nan,nan,nan,nan,nan,nan,nan,nan,nan,nan,nan,nan,nan
YESBANK,12182,12208,YESBANK,159,1,20.89,15.751,159,2019-06-03,9.57,2.0,15,437 cr,3,163 cr,underperform,16.02,16.02,16.02,19.91,18.75,-37.89,1.57,6.39,10.55,2026-02-06,None,2026-01-20,2026-01-27,nan,nan,nan,nan,nan,nan,nan,nan,nan,nan,nan,nan,nan
ALKEM,12209,12289,ALKEM,158,1,5490.5,1116.264,158,2026-02-20,0.78,43.0,14,252 cr,2,371 cr,hold,4491.65,4491.65,2828.0,5359.31,4965.91,4273.37,3.16,5.92,8.56,2026-02-20,None,2026-02-16,2026-02-20,nan,nan,nan,nan,nan,nan,nan,nan,nan,nan,nan,nan,nan
SAIL,12290,12418,SAIL,161,1,156.68,140.573,161,2025-09-08,1.02,1.6,109,313 cr,2,788 cr,hold,99.15,99.15,99.15,147.25,123.14,95.87,3.09,7.71,11.12,None,None,2026-02-01,2025-04-09,nan,nan,nan,nan,nan,nan,nan,nan,nan,nan,nan,nan,nan
MFSL,12419,12491,MFSL,162,1,1870.0,153.576,162,2016-09-19,0.1,1.8,49,285 cr,144 cr,strong_buy,950.0,950.0,599.1,1689.78,1496.74,1232.47,1.85,5.21,10.13,2026-02-02,None,2026-02-01,2025-03-17,nan,nan,nan,nan,nan,nan,nan,nan,nan,nan,nan,nan,nan
DIXON,12492,12606,DIXON,163,1,10599.0,749.752,163,2025-09-16,0.08,8.0,48,654 cr,1,583 cr,buy,12202.2,12202.2,2553.0,9716.66,8332.95,5454.08,3.51,9.24,20.51,None,2026-02-23,2026-02-23,2025-12-11,nan,nan,nan,nan,nan,nan,nan,nan,nan,nan,nan,nan,nan
PRESTIGE,12607,12681,PRESTIGE,164,1,1488.9,367.452,164,2025-09-03,0.12,1.8,10,140 cr,970 cr,buy,1048.05,1048.05,1048.05,1394.77,1206.96,1215.71,2.86,8.68,14.85,None,None,2026-02-01,2026-01-27,nan,nan,nan,nan,nan,nan,nan,nan,nan,nan,nan,nan,nan
BIOCON,12682,12740,BIOCON,165,1,387.7,207.921,165,2025-07-04,0.13,0.5,16,827 cr,604 cr,buy,291.0,291.0,191.55,355.32,330.65,276.14,2.11,5.51,10.93,None,None,2026-01-12,2025-08-12,nan,nan,nan,nan,nan,nan,nan,nan,nan,nan,nan,nan,nan
NATIONALUM,12741,12913,NATIONALUM,167,1,338.95,108.064,167,2026-02-06,1.33,4.5,18,098 cr,6,141 cr,none,137.75,137.75,137.75,315.24,266.55,190.76,2.72,11.88,15.4,None,None,2026-02-01,2025-04-09,nan,nan,nan,nan,nan,nan,nan,nan,nan,nan,nan,nan,nan
MCX,12914,13032,MCX,172,1,2396.2,122.4,172,2025-08-08,0.25,6.0,1,812 cr,937 cr,buy,881.63,881.63,228.6,2193.31,1866.29,1360.26,3.71,13.24,14.2,None,None,2026-02-01,2026-02-16,nan,nan,nan,nan,nan,nan,nan,nan,nan,nan,nan,nan,nan
PHOENIXLTD,13033,13115,PHOENIXLTD,171,1,1716.3,301.724,171,2025-09-15,0.15,2.5,4,111 cr,1,089 cr,buy,1402.5,1402.5,232.52,1632.72,1519.89,1379.94,2.47,6.62,11.59,None,None,2026-01-21,2026-02-02,nan,nan,nan,nan,nan,nan,nan,nan,nan,nan,nan,nan,nan
APLAPOLLO,13116,13206,APLAPOLLO,173,1,2191.5,165.874,173,2025-08-22,0.26,5.75,21,708 cr,1,141 cr,buy,1272.7,1272.7,1272.7,2082.17,1760.41,1398.36,2.2,6.09,8.38,None,2025-02-19,2026-01-12,2025-07-29,nan,nan,nan,nan,nan,nan,nan,nan,nan,nan,nan,nan,nan
IDFCFIRSTB,13207,13293,IDFCFIRSTB,175,1,70.04,53.124,175,2025-07-11,0.36,0.25,22,625 cr,1,575 cr,buy,52.46,52.46,52.46,77.45,73.13,56.44,4.63,5.74,13.2,2026-02-23,None,2026-02-23,2026-02-23,nan,nan,nan,nan,nan,nan,nan,nan,nan,nan,nan,nan,nan
SUZLON,13294,13346,SUZLON,174,1,44.25,5.713,174,2008-07-17,2.08,0.918214,14,984 cr,3,231 cr,strong_buy,46.15,46.15,5.42,42.02,35.32,43.14,2.3,8.11,17.46,2026-02-23,2026-02-23,2026-01-09,2025-08-18,nan,nan,nan,nan,nan,nan,nan,nan,nan,nan,nan,nan,nan
COLPAL,13347,13421,COLPAL,176,1,2196.0,58.171,176,2025-11-03,1.09,24.0,5,902 cr,1,327 cr,hold,nan,1434.6,1375.6,2082.02,1681.28,1845.91,1.92,4.64,7.95,None,None,2026-01-30,2026-01-30,nan,nan,nan,nan,nan,nan,nan,nan,nan,nan,nan,nan,nan
PATANJALI,13422,13502,PATANJALI,180,1,532.95,111.348,180,2025-11-13,0.33,1.75,38,924 cr,1,649 cr,strong_buy,523.33,523.33,389.98,494.24,469.19,380.59,2.28,6.45,10.19,None,2026-02-17,2026-02-09,2026-02-02,nan,nan,nan,nan,nan,nan,nan,nan,nan,nan,nan,nan,nan
OFSS,13503,13581,OFSS,179,1,6669.5,794.018,179,2025-11-03,1.95,130.0,7,323 cr,2,441 cr,none,7038.0,7038.0,2883.25,6369.65,5619.36,6337.57,2.81,8.77,14.9,2026-02-23,2026-02-23,2026-02-12,2026-02-16,nan,nan,nan,nan,nan,nan,nan,nan,nan,nan,nan,nan,nan
GLENMARK,13582,13664,GLENMARK,182,1,2039.2,339.566,182,2025-10-03,0.12,2.5,16,509 cr,1,065 cr,buy,1275.5,1275.5,348.5,1901.84,1644.36,1477.74,2.1,5.53,10.38,None,None,2026-02-02,2026-02-02,nan,nan,nan,nan,nan,nan,nan,nan,nan,nan,nan,nan,nan
OBEROIRLTY,13665,13739,OBEROIRLTY,186,1,1521.8,460.41,186,2026-01-23,0.13,2.0,5,409 cr,2,237 cr,buy,1451.95,1451.95,290.0,1421.56,1276.63,1320.34,2.25,6.89,12.28,None,2026-02-02,2026-01-20,2026-01-27,nan,nan,nan,nan,nan,nan,nan,nan,nan,nan,nan,nan,nan
LAURUSLABS,13740,13832,LAURUSLABS,188,1,1017.05,88.975,188,2025-10-31,0.08,0.8,6,721 cr,843 cr,hold,nan,278.85,278.85,927.16,892.16,347.05,2.11,8.01,12.11,None,None,2026-01-12,2026-02-02,nan,nan,nan,nan,nan,nan,nan,nan,nan,nan,nan,nan,nan
GODREJPROP,13833,13949,GODREJPROP,187,1,1829.7,607.988,187,2015-07-27,0.11,2.0,3,795 cr,1,582 cr,none,1900.0,1900.0,1005.0,1574.61,1402.02,1437.29,3.3,10.21,18.52,None,2026-02-23,2026-01-12,2026-01-28,nan,nan,nan,nan,nan,nan,nan,nan,nan,nan,nan,nan,nan
UPL,13950,14022,UPL,190,1,644.8,389.303,190,2025-07-11,0.93,6.0,49,077 cr,1,621 cr,buy,493.0,493.0,447.8,683.61,666.65,518.42,4.71,9.1,14.86,2026-02-23,None,2026-02-23,2026-02-23,nan,nan,nan,nan,nan,nan,nan,nan,nan,nan,nan,nan,nan
IRCTC,14023,14121,IRCTC,195,1,639.45,53.319,195,2026-02-20,0.55,3.5,5,023 cr,1,425 cr,buy,656.0,656.0,nan,594.71,551.09,nan,2.74,5.85,8.87,None,2026-02-23,2026-02-01,2026-01-21,nan,nan,nan,nan,nan,nan,nan,nan,nan,nan,nan,nan,nan
VOLTAS,14122,14188,VOLTAS,196,1,1538.2,191.311,196,2025-06-20,0.46,7.0,14,124 cr,500 cr,hold,1135.0,1135.0,737.2,1389.5,1146.79,1053.76,2.16,6.91,11.71,2026-02-03,None,2026-01-21,2026-01-27,nan,nan,nan,nan,nan,nan,nan,nan,nan,nan,nan,nan,nan
SUPREMEIND,14189,14249,SUPREMEIND,198,1,3940.6,450.434,198,2025-11-03,0.28,11.0,10,717 cr,814 cr,buy,3095.0,3095.0,3095.0,3505.86,2583.73,3013.43,2.17,5.54,12.1,None,None,2026-01-21,2025-10-28,nan,nan,nan,nan,nan,nan,nan,nan,nan,nan,nan,nan,nan
TIINDIA,14250,14364,TIINDIA,199,1,2539.6,388.704,199,2026-02-10,0.08,2.0,21,226 cr,598 cr,none,2407.1,2407.1,2407.1,2254.4,1933.0,1994.77,2.97,8.56,15.16,None,2026-02-10,2026-02-05,2025-12-09,nan,nan,nan,nan,nan,nan,nan,nan,nan,nan,nan,nan,nan
PIIND,14365,14499,PIIND,202,1,3119.5,713.681,202,2026-02-23,0.16,5.0,6,935 cr,1,451 cr,hold,2951.1,2951.1,2951.1,2940.38,2582.69,2732.0,3.24,7.02,11.55,2026-02-23,None,2026-02-16,2025-08-18,nan,nan,nan,nan,nan,nan,nan,nan,nan,nan,nan,nan,nan
BDL,14500,14570,BDL,203,1,1275.6,115.059,203,2026-02-09,0.35,4.5,3,738 cr,580 cr,hold,890.0,890.0,72.65,1161.64,1009.11,nan,3.21,9.14,16.86,2026-02-23,None,2026-02-02,2026-02-06,nan,nan,nan,nan,nan,nan,nan,nan,nan,nan,nan,nan,nan
PETRONET,14571,14651,PETRONET,204,1,306.45,140.783,204,2025-11-14,2.28,7.0,46,368 cr,3,636 cr,buy,nan,191.7,191.7,286.36,247.63,250.01,2.35,6.02,7.0,None,None,2026-02-13,2026-01-21,nan,nan,nan,nan,nan,nan,nan,nan,nan,nan,nan,nan,nan
KEI,14652,14738,KEI,207,1,4765.7,647.651,207,2026-01-28,0.09,4.5,11,186 cr,860 cr,buy,2424.0,2424.0,2424.0,4186.87,3505.46,3205.2,2.94,7.86,12.23,None,None,2026-01-21,2026-01-27,nan,nan,nan,nan,nan,nan,nan,nan,nan,nan,nan,nan,nan
360ONE,14739,14787,360ONE,206,1,1126.9,231.141,206,2025-10-27,0.53,6.0,4,229 cr,1,177 cr,none,790.5,790.5,308.95,1045.19,941.47,nan,2.67,9.36,12.26,None,None,2026-02-01,2025-01-30,nan,nan,nan,nan,nan,nan,nan,nan,nan,nan,nan,nan,nan
ASTRAL,14788,14854,ASTRAL,211,1,1635.1,140.62,211,2025-11-11,0.09,1.5,6,161 cr,503 cr,buy,1232.3,1232.3,1232.3,1478.97,1203.62,1039.75,2.17,6.31,9.83,2026-01-22,None,2026-01-21,2026-01-21,nan,nan,nan,nan,nan,nan,nan,nan,nan,nan,nan,nan,nan
MPHASIS,14855,14913,MPHASIS,210,1,2309.8,533.51,210,2025-07-09,2.47,57.0,15,347 cr,1,799 cr,buy,2044.55,2044.55,2044.55,2328.72,2324.14,1956.21,3.77,9.24,14.74,None,None,2026-02-04,2026-02-23,nan,nan,nan,nan,nan,nan,nan,nan,nan,nan,nan,nan,nan
COFORGE,14914,15014,COFORGE,212,1,1289.0,205.667,212,2026-01-30,0.31,4.0,15,272 cr,1,133 cr,buy,1194.01,1194.01,857.45,1272.42,1280.83,1327.74,4.61,10.41,22.55,None,None,2026-02-13,2026-02-16,nan,nan,nan,nan,nan,nan,nan,nan,nan,nan,nan,nan,nan
KALYANKJIL,15015,15123,KALYANKJIL,215,1,402.15,51.669,215,2025-09-04,0.37,1.5,31,649 cr,1,128 cr,strong_buy,399.4,399.4,55.05,362.3,305.75,nan,3.03,12.62,23.72,None,2026-02-23,2026-01-22,2026-02-02,nan,nan,nan,nan,nan,nan,nan,nan,nan,nan,nan,nan,nan
BLUESTARCO,15124,15206,BLUESTARCO,217,1,1961.8,150.848,217,2025-07-18,0.46,9.0,12,348 cr,494 cr,none,1521.0,1521.0,204.45,1815.04,1510.2,1512.34,2.37,6.15,12.06,2026-01-29,None,2026-01-27,2025-11-11,nan,nan,nan,nan,nan,nan,nan,nan,nan,nan,nan,nan,nan
DALBHARAT,15207,15291,DALBHARAT,220,1,2090.8,943.13,220,2025-10-24,0.19,4.0,14,650 cr,1,186 cr,buy,1601.0,1601.0,1601.0,1998.82,1838.82,nan,2.17,8.12,11.86,2026-02-02,None,2026-02-01,2025-09-30,nan,nan,nan,nan,nan,nan,nan,nan,nan,nan,nan,nan,nan
CONCOR,15292,15368,CONCOR,223,1,507.05,167.904,223,2026-02-09,0.67,3.4,9,103 cr,1,277 cr,none,481.0,481.0,554.0,484.27,369.84,366.62,1.6,6.35,9.6,2026-02-01,2026-01-27,2026-01-20,2026-01-27,nan,nan,nan,nan,nan,nan,nan,nan,nan,nan,nan,nan,nan
PAGEIND,15369,15425,PAGEIND,232,1,33070.0,1263.363,232,2026-02-11,0.38,125.0,5,092 cr,749 cr,hold,38850.0,38850.0,33070.05,31366.08,29560.4,30227.62,2.09,6.18,11.95,None,2026-02-23,2026-01-20,2026-01-20,nan,nan,nan,nan,nan,nan,nan,nan,nan,nan,nan,nan,nan
IREDA,15426,15542,IREDA,239,1,127.23,48.196,239,None,nan,nan,2,584 cr,1,882 cr,hold,137.01,137.01,nan,118.7,114.96,nan,2.43,7.81,12.63,None,2026-02-23,2026-02-02,2026-01-21,nan,nan,nan,nan,nan,nan,nan,nan,nan,nan,nan,nan,nan
JUBLFOOD,15543,15635,JUBLFOOD,242,1,536.1,34.438,242,2025-07-18,0.22,1.2,9,141 cr,315 cr,buy,nan,421.05,421.05,495.12,450.09,446.99,2.11,6.78,12.15,None,None,2026-01-08,2026-01-12,nan,nan,nan,nan,nan,nan,nan,nan,nan,nan,nan,nan,nan
PREMIERENE,15636,15714,PREMIERENE,243,1,776.25,77.107,243,2025-08-29,0.06,0.5,7,215 cr,1,330 cr,buy,774.05,774.05,nan,678.25,nan,nan,2.73,10.85,16.96,None,2026-02-23,2026-02-01,2026-01-12,nan,nan,nan,nan,nan,nan,nan,nan,nan,nan,nan,nan,nan
SONACOMS,15715,15805,SONACOMS,251,1,536.05,91.918,251,2026-01-30,0.3,1.6,4,056 cr,612 cr,buy,402.3,402.3,380.0,486.66,398.73,nan,2.18,6.56,11.06,None,None,2026-01-12,2025-06-13,nan,nan,nan,nan,nan,nan,nan,nan,nan,nan,nan,nan,nan
DELHIVERY,15806,15876,DELHIVERY,253,1,433.95,128.627,253,None,nan,nan,9,849 cr,152 cr,strong_buy,236.53,236.53,236.53,398.12,333.04,nan,2.24,7.6,12.87,None,None,2026-01-12,2025-11-10,nan,nan,nan,nan,nan,nan,nan,nan,nan,nan,nan,nan,nan
TATAELXSI,15877,15979,TATAELXSI,266,1,4714.0,433.801,266,2025-06-11,1.59,75.0,3,703 cr,580 cr,underperform,4700.0,4700.0,5709.05,4643.43,4299.97,3700.65,3.25,9.21,14.23,None,2026-02-23,2026-02-13,2026-02-17,nan,nan,nan,nan,nan,nan,nan,nan,nan,nan,nan,nan,nan
LICHSGFIN,15980,16058,LICHSGFIN,269,1,524.85,700.243,269,2025-08-22,1.91,10.0,8,419 cr,5,484 cr,hold,483.7,483.7,483.7,498.54,447.0,423.39,2.03,5.47,8.05,None,None,2026-02-02,2026-02-02,nan,nan,nan,nan,nan,nan,nan,nan,nan,nan,nan,nan,nan
EXIDEIND,16059,16171,EXIDEIND,270,1,338.4,172.99,270,2025-07-18,0.59,2.0,17,595 cr,825 cr,hold,328.0,328.0,130.25,318.87,265.46,286.43,2.06,6.0,11.02,2026-02-19,2026-02-03,2026-02-02,2026-02-02,nan,nan,nan,nan,nan,nan,nan,nan,nan,nan,nan,nan,nan
CDSL,16172,16242,CDSL,279,1,1334.3,83.376,279,2025-08-07,0.94,12.5,1,224 cr,476 cr,none,1047.45,1047.45,440.45,1249.67,1062.94,1197.03,2.64,8.37,14.67,None,None,2026-02-01,2026-02-02,nan,nan,nan,nan,nan,nan,nan,nan,nan,nan,nan,nan,nan
BANDHANBNK,16243,16301,BANDHANBNK,277,1,173.65,153.395,277,2025-08-14,0.86,1.5,7,860 cr,1,007 cr,buy,128.16,128.16,128.16,153.53,125.43,nan,2.68,5.91,10.47,None,None,None,2025-11-06,nan,nan,nan,nan,nan,nan,nan,nan,nan,nan,nan,nan,nan
AMBER,16302,16386,AMBER,282,1,7770.0,1037.867,282,2020-03-26,0.02,1.6,11,792 cr,159 cr,buy,nan,1762.5,1762.5,6576.63,5456.99,nan,2.29,8.4,16.92,None,None,2026-01-21,2025-12-05,nan,nan,nan,nan,nan,nan,nan,nan,nan,nan,nan,nan,nan
MANAPPURAM,16387,16491,MANAPPURAM,291,1,303.85,148.585,291,2026-02-06,0.16,0.5,3,522 cr,408 cr,hold,138.35,138.35,138.35,285.49,254.83,201.59,2.67,9.39,13.12,None,None,2026-02-02,2026-02-02,nan,nan,nan,nan,nan,nan,nan,nan,nan,nan,nan,nan,nan
KAYNES,16492,16584,KAYNES,292,1,3799.5,715.496,292,None,nan,nan,3,368 cr,388 cr,buy,3825.15,3825.15,nan,3084.17,2171.65,nan,3.67,9.37,30.79,None,2026-02-23,2026-02-06,2025-12-11,nan,nan,nan,nan,nan,nan,nan,nan,nan,nan,nan,nan,nan
NBCC,16585,16703,NBCC,290,1,95.34,9.918,290,2026-02-25,0.13,0.12,13,173 cr,654 cr,strong_buy,70.8,70.8,70.8,88.7,82.62,78.5,3.0,9.42,18.01,None,None,2026-02-01,2026-01-21,nan,nan,nan,nan,nan,nan,nan,nan,nan,nan,nan,nan,nan
TATATECH,16704,16808,TATATECH,299,1,600.55,87.92,299,2025-06-16,1.95,11.7,5,219 cr,531 cr,underperform,597.0,597.0,nan,585.96,590.92,nan,2.62,6.84,9.98,2026-02-23,2026-02-20,2026-02-13,2026-02-17,nan,nan,nan,nan,nan,nan,nan,nan,nan,nan,nan,nan,nan
NUVAMA,16809,16871,NUVAMA,309,1,1263.5,210.384,309,2025-11-11,5.54,70.0,3,589 cr,1,027 cr,strong_buy,947.09,947.09,nan,1212.87,1191.13,nan,3.09,9.86,14.42,None,None,2026-02-01,2026-02-16,nan,nan,nan,nan,nan,nan,nan,nan,nan,nan,nan,nan,nan
ANGELONE,16872,16924,ANGELONE,310,1,2491.3,641.858,310,2026-01-21,0.92,23.0,4,401 cr,769 cr,none,1941.0,2101.0,1941.0,2350.71,1967.61,nan,3.53,12.6,18.89,None,2025-03-18,2026-02-16,2026-02-02,nan,nan,nan,nan,nan,nan,nan,nan,nan,nan,nan,nan,nan
KPITTECH,16925,17065,KPITTECH,313,1,812.7,120.042,313,2026-02-04,0.28,2.25,6,272 cr,719 cr,buy,1020.6,1020.6,34.35,789.67,852.63,nan,3.85,13.58,20.86,None,2026-02-23,2026-02-13,2026-02-16,nan,nan,nan,nan,nan,nan,nan,nan,nan,nan,nan,nan,nan
PNBHOUSING,17066,17150,PNBHOUSING,316,1,837.25,690.287,316,2025-08-01,0.6,5.0,3,695 cr,2,185 cr,none,750.3,750.3,257.96,780.8,720.88,693.63,2.58,7.96,15.69,None,None,2026-01-23,2026-02-02,nan,nan,nan,nan,nan,nan,nan,nan,nan,nan,nan,nan,nan
PPLPHARMA,17151,17211,PPLPHARMA,319,1,162.14,61.029,319,2025-07-16,0.09,0.14,8,871 cr,-163 cr,none,181.73,181.73,nan,149.31,128.31,nan,2.93,7.98,14.48,2026-02-13,2026-02-23,2026-01-08,2025-07-29,nan,nan,nan,nan,nan,nan,nan,nan,nan,nan,nan,nan,nan
RBLBANK,17212,17264,RBLBANK,337,1,320.9,263.842,337,2025-09-08,0.31,1.0,7,945 cr,721 cr,buy,146.1,146.1,146.1,293.14,261.4,138.91,2.9,6.63,11.6,None,None,2026-01-19,2024-10-25,nan,nan,nan,nan,nan,nan,nan,nan,nan,nan,nan,nan,nan
SYNGENE,17265,17345,SYNGENE,357,1,446.95,117.843,357,2025-06-27,0.28,1.25,3,720 cr,352 cr,hold,599.55,599.55,607.65,393.34,450.88,442.69,2.49,12.21,19.53,None,2026-02-23,2026-01-27,2026-02-06,nan,nan,nan,nan,nan,nan,nan,nan,nan,nan,nan,nan,nan
CAMS,17346,17410,CAMS,361,1,718.0,49.184,361,2026-01-30,0.49,3.5,1,477 cr,463 cr,strong_buy,606.21,606.21,402.0,692.26,589.23,nan,2.37,7.08,10.86,None,None,2026-02-01,2026-02-02,nan,nan,nan,nan,nan,nan,nan,nan,nan,nan,nan,nan,nan
KFINTECH,17411,17453,KFINTECH,365,1,1011.3,84.984,365,2025-08-22,0.74,7.5,1,253 cr,347 cr,strong_buy,784.15,784.15,nan,945.92,789.1,nan,3.94,7.42,12.15,None,None,2026-01-21,2026-02-02,nan,nan,nan,nan,nan,nan,nan,nan,nan,nan,nan,nan,nan
CROMPTON,17454,17552,CROMPTON,367,1,265.46,53.001,367,2025-07-24,1.13,3.0,7,872 cr,461 cr,strong_buy,301.0,301.0,251.0,238.89,186.84,185.67,3.07,7.21,12.91,None,2026-02-23,2026-01-19,2026-01-27,nan,nan,nan,nan,nan,nan,nan,nan,nan,nan,nan,nan,nan
PGEL,17553,17609,PGEL,369,1,607.15,94.642,369,2025-09-19,0.04,0.25,5,481 cr,277 cr,buy,465.0,465.0,2.47,547.53,383.16,465.79,3.17,8.53,22.38,None,None,None,2026-01-27,nan,nan,nan,nan,nan,nan,nan,nan,nan,nan,nan,nan,nan
INOXWIND,17610,17664,INOXWIND,377,1,96.13,50.91,377,None,nan,nan,4,427 cr,501 cr,strong_buy,130.32,130.32,18.85,89.66,75.49,50.66,4.32,10.57,22.38,None,2026-02-23,2026-02-16,2025-03-03,nan,nan,nan,nan,nan,nan,nan,nan,nan,nan,nan,nan,nan
SAMMAANCAP,17665,17709,SAMMAANCAP,463,1,154.63,275.018,463,2024-09-20,1.29,2.0,3,212 cr,1,281 cr,none,97.61,97.61,97.61,129.25,119.86,85.85,2.04,6.12,17.26,2026-01-27,None,2025-12-18,2025-11-25,nan,nan,nan,nan,nan,nan,nan,nan,nan,nan,nan,nan,nan
IEX,17710,17854,IEX,500,1,125.72,14.063,500,2026-02-04,1.19,1.5,725 cr,480 cr,none,130.26,130.26,116.0,115.47,97.91,84.24,2.35,8.87,14.23,2026-02-18,2026-02-23,2026-02-02,2026-02-02,nan,nan,nan,nan,nan,nan,nan,nan,nan,nan,nan,nan,nan
HAL,17855,17927,HAL,30,1,4025.4,555.023,30,2026-02-18,0.87,35.0,32,846 cr,8,896 cr,buy,3046.05,3046.05,3046.05,3929.63,3410.06,nan,2.73,7.84,11.98,None,None,2026-02-23,2026-02-09,nan,nan,nan,nan,nan,nan,nan,nan,nan,nan,nan,nan,nan
HAVELLS,17928,18040,HAVELLS,124,1,1412.8,138.35,124,2026-01-23,0.28,4.0,22,366 cr,1,485 cr,buy,1381.3,1381.3,1024.5,1310.97,1191.86,1189.53,2.06,5.82,9.57,None,2026-02-13,2026-01-21,2026-02-02,nan,nan,nan,nan,nan,nan,nan,nan,nan,nan,nan,nan,nan
HCLTECH,18041,18125,HCLTECH,18,1,1426.2,272.02612,18,2026-01-16,0.84,12.0,1,448 cr,188 cr,hold,1302.75,1380.4,877.35,1398.68,1331.35,1309.37,3.03,8.48,11.96,2026-02-23,None,2026-02-13,2026-02-18,nan,nan,nan,nan,nan,nan,nan,nan,nan,nan,nan,nan,nan
HDFCAMC,18126,18236,HDFCAMC,92,1,2726.8,180.809,92,2025-06-06,1.65,45.0,4,584 cr,2,873 cr,strong_buy,1781.53,1781.53,794.75,2596.13,2324.2,nan,2.39,7.45,10.32,None,None,2026-01-12,2026-01-13,nan,nan,nan,nan,nan,nan,nan,nan,nan,nan,nan,nan,nan
HDFCBANK,18237,18363,HDFCBANK,2,1,923.6,367.081,2,2025-07-25,0.27,2.5,284,533 cr,74,510 cr,strong_buy,nan,681.78,681.78,892.9,876.17,821.93,1.65,5.11,7.12,2026-02-16,None,2026-02-01,2026-01-16,nan,nan,nan,nan,nan,nan,nan,nan,nan,nan,nan,nan,nan
HDFCLIFE,18364,18420,HDFCLIFE,55,1,742.45,81.65,55,2025-06-20,0.28,2.1,104,153 cr,1,890 cr,strong_buy,584.3,584.3,511.4,687.6,649.87,724.83,1.93,4.81,8.02,None,None,2026-02-06,2026-01-27,nan,nan,nan,nan,nan,nan,nan,nan,nan,nan,nan,nan,nan
HEROMOTOCO,18421,18507,HEROMOTOCO,98,1,5488.5,1049.694,98,2026-02-11,2.0,110.0,44,402 cr,5,443 cr,buy,3344.0,3344.0,3344.0,5163.11,4751.0,4014.14,2.65,6.24,12.74,2026-02-02,None,2026-02-11,2025-12-18,nan,nan,nan,nan,nan,nan,nan,nan,nan,nan,nan,nan,nan
HINDALCO,18508,18586,HINDALCO,44,1,916.2,607.505,44,2025-08-08,0.55,5.0,261,701 cr,16,077 cr,hold,546.45,546.45,546.45,866.11,785.53,630.24,2.84,8.48,10.49,None,None,2026-02-01,2026-02-17,nan,nan,nan,nan,nan,nan,nan,nan,nan,nan,nan,nan,nan
HINDPETRO,18587,18667,HINDPETRO,117,1,438.5,267.396,117,2025-11-06,1.14,5.0,434,300 cr,15,397 cr,none,287.55,287.55,287.55,410.33,389.88,338.58,2.28,8.57,14.22,None,None,2026-02-20,2025-06-13,nan,nan,nan,nan,nan,nan,nan,nan,nan,nan,nan,nan,nan
HINDUNILVR,18668,18750,HINDUNILVR,10,1,2345.4,207.383,10,2025-11-07,0.81,19.0,65,100 cr,10,114 cr,buy,2136.0,2136.0,2136.0,2239.87,2058.81,2054.7,2.0,4.54,8.93,None,None,2026-02-13,2025-12-12,nan,nan,nan,nan,nan,nan,nan,nan,nan,nan,nan,nan,nan
HINDZINC,18751,18893,HINDZINC,37,1,590.85,32.42,37,2025-06-17,1.69,10.0,35,512 cr,11,802 cr,hold,378.15,378.15,378.15,532.4,452.4,404.62,2.5,12.53,14.77,None,None,2026-02-01,2026-02-02,nan,nan,nan,nan,nan,nan,nan,nan,nan,nan,nan,nan,nan
HUDCO,18894,18974,HUDCO,222,1,194.1,90.198,222,2026-02-06,0.59,1.15,4,519 cr,2,780 cr,strong_buy,158.85,158.85,158.85,178.98,154.45,181.77,2.69,7.75,14.88,2026-02-18,None,2026-02-02,2026-02-02,nan,nan,nan,nan,nan,nan,nan,nan,nan,nan,nan,nan,nan
