Chain,CE_2026-07-17,CE_2026-04-17,CE_2026-03-20,strikePrice,PE_2026-03-20,PE_2026-04-17,PE_2026-07-17
Ask,,0.75,,10,,7.4,
Bid,,0,,10,,6.1,
Ask,0.1,0.5,,7.5,,4.8,6.0
Bid,0,0,,7.5,,3.7,2.75
Ask,0.4,0.1,0.15,5,2.2,2.15,2.25
Bid,0.1,0,0,5,1.45,1.45,1.5
Ask,1.35,1.1,1.05,2.5,0.75,0.15,0.35
Bid,0.6,0.35,0.3,2.5,0,0,0.15
Chain,CE_2026-06-18,CE_2026-04-17,strikePrice,CE_2026-03-20,PE_2026-03-20,PE_2026-04-17
Ask,,,12.5,0,,
Bid,,,12.5,0,,
Ask,,,10,2.15,6.6,
Bid,,,10,0,2.35,
Ask,0,,7.5,0,0,
Bid,0,,7.5,0,0,
Ask,0.1,,6.05,0.05,2.85,3.1
Bid,0,,6.05,0,0.8,0.6
Ask,0,,5,0,0,
Bid,0,,5,0,0,
Ask,2.95,3.1,3.55,1.7,0.05,
Bid,0,0.4,3.55,0.4,0,
Ask,4.8,,2.5,,,
Bid,1.45,,2.5,,,
Chain,CE_2026-07-17,CE_2026-04-17,CE_2026-03-20,strikePrice,PE_2026-03-20,PE_2026-04-17,PE_2026-07-17
Ask,0.25,0.1,0.75,10,,,
Bid,0.05,0,0,10,,,
Ask,0.55,0.25,0.25,7.5,1.8,1.5,
Bid,0.4,0.05,0,7.5,1.2,1.4,
Ask,1.75,1.35,3,5,0.25,0.25,0.7
Bid,1.55,1.2,0.75,5,0,0.1,0.15
Ask,,,4.3,2.5,,0.25,0.25
Bid,,,3.1,2.5,,0,0.0
Chain,CE_2026-05-15,CE_2026-04-17,CE_2026-03-20,strikePrice,PE_2026-03-20,PE_2026-04-17,PE_2026-05-15
Ask,0.75,,,15,,,
Bid,0,,,15,,,
Ask,0.15,,0.75,12.5,,,
Bid,0,,0,12.5,,,
Ask,0.95,0.75,1.25,10,3.4,,4.2
Bid,0,0,0,10,2.2,,2.4
Ask,,,0.85,7.5,1,1.3,1.55
Bid,,,0,7.5,0.15,0.45,0.55
Ask,2.9,,,5,,,
Bid,1.75,,,5,,,
Chain,CE_2026-05-15,CE_2026-04-17,strikePrice,CE_2026-03-20,PE_2026-03-20,PE_2026-05-15
Ask,,,10,0.75,,6.9
Bid,,,10,0,,4.1
Ask,0.75,1.15,7.5,0.75,2.55,2.8
Bid,0,0,7.5,0,1.85,1.85
Ask,1.5,,5,0.4,0.45,0.75
Bid,0.35,,5,0.2,0,0.0
Ask,3.8,,2.5,,,
Bid,1.3,,2.5,,,
Chain,CE_2026-05-15,CE_2026-04-17,CE_2026-03-20,strikePrice,PE_2026-03-20,PE_2026-04-17,PE_2026-05-15
Bid,0,,0,9,,,
Ask,0.75,,0.75,9,,,
Bid,0,0,0,8,,,2.5
Ask,0.2,0.75,0.15,8,,,3.6
Ask,0.2,0.75,0.75,7,,,3.6
Bid,0,0,0,7,,,2.6
Ask,0.25,0.25,0.05,6,,,1.6
Bid,0.05,0,0,6,,,1.2
Ask,0.75,0.4,0.15,5,1.85,1.95,2.1
Bid,0.05,0.05,0,5,0.95,1.05,1.15
Ask,0.45,,0.05,4,1,,1.15
Bid,0.15,,0,4,0.4,,0.7
Ask,1,,,3,,,0.45
Bid,0.7,,,3,,,0.25
Ask,2.15,,,2,,0.75,0.75
Bid,0.5,,,2,,0,0.0
Ask,4,,3.3,1,,,
Bid,2.8,,2.1,1,,,
Chain,CE_2026-06-18,CE_2026-04-17,strikePrice,CE_2026-03-20,PE_2026-03-20,PE_2026-06-18
Ask,,,17.5,0.75,,
Bid,,,17.5,0,,
Ask,1.95,,12.5,0.75,,4.6
Bid,0,,12.5,0,,3.0
Ask,1.25,2.3,10,0.25,3.4,4.0
Bid,0,0,10,0,0.75,0.4
Ask,4.4,,7.5,3.1,0.9,2.65
Bid,0.65,,7.5,1.05,0,0.0
Ask,5,,5,6.1,2,0.95
Bid,3.5,,5,3.5,0,0.0
Ask,8,7.2,2.5,,,
Bid,6,5.7,2.5,,,
Chain,CE_2026-06-18,CE_2026-04-17,strikePrice,CE_2026-03-20,PE_2026-03-20
Ask,,,10,0.75,
Bid,,,10,0,
Ask,0.8,,7.5,1,2.15
Bid,0.1,,7.5,0,0.75
Ask,,,5,3.9,0.75
Bid,,,5,1.25,0.0
Ask,4.6,4.8,2.5,5.3,
Bid,3.4,3.6,2.5,4.1,
Chain,CE_2026-07-17,CE_2026-04-17,CE_2026-03-20,strikePrice,PE_2026-03-20,PE_2026-04-17,PE_2026-07-17
Ask,0.95,0.25,1.55,10,,2.15,
Bid,0,0,0,10,,1.85,
Ask,2.95,0.9,,7.5,0.25,0.3,1.0
Bid,0,0.65,,7.5,0,0.05,0.0
Ask,3.5,3.8,,5,,,
Bid,2.95,2.9,,5,,,
Ask,7.5,6.8,6.6,2.5,,,
Bid,3.6,4.4,4.6,2.5,,,
Chain,CE_2026-07-17,CE_2026-04-17,CE_2026-03-20,strikePrice,PE_2026-03-20,PE_2026-04-17,PE_2026-07-17
Ask,0.55,0.75,2.15,12.5,,,5.7
Bid,0,0,0,12.5,,,4.5
Ask,1.2,0.35,0.2,10,2.9,2.3,4.0
Bid,0.65,0.1,0,10,0.1,0.6,1.3
Ask,3,2.8,2.3,7.5,0.25,,
Bid,0.7,0,0,7.5,0,,
Ask,4.5,4,,5,,0.6,2.25
Bid,3.3,3,,5,,0.3,0.0
Ask,6.5,,,2.5,0.05,,
Bid,5.1,,,2.5,0,,
Chain,CE_2026-07-17,CE_2026-04-17,CE_2026-03-20,strikePrice,PE_2026-03-20,PE_2026-04-17,PE_2026-07-17
Bid,0,0,,12,,,
Ask,3.2,1.3,,12,,,
Ask,4.9,0.45,3,11,,,
Bid,0,0,0,11,,,
Bid,,0,0,10,,,
Ask,,0.35,0.05,10,,,
Ask,0.8,0.5,4.9,9,,,6.5
Bid,0,0,0,9,,,1.8
Ask,1.25,0.8,0.25,8,,,5.5
Bid,0,0,0,8,,,1.0
Bid,0.2,0.05,0,7,,,0.5
Ask,1.25,0.3,2,7,,,4.9
Ask,1.5,0.7,0.15,6,4.9,4.9,4.9
Bid,0.15,0,0,6,0,0.1,0.0
Ask,2.2,1.25,0.2,5,0.4,0.9,4.1
Bid,0.55,0.25,0,5,0.3,0,0.0
Ask,4.9,2.4,,4,0.05,0.65,4.8
Bid,1,0.55,,4,0,0,0.0
Ask,4.9,4.9,4.9,3,0.1,4.9,4.0
Bid,0,0.05,0,3,0,0,0.0
Bid,0.65,2,,2,0,,
Ask,5.5,6,,2,0.05,,
Ask,,6,,1,,,
Bid,,1.6,,1,,,
Chain,CE_2026-07-17,CE_2026-04-17,CE_2026-03-20,strikePrice,PE_2026-03-20,PE_2026-04-17,PE_2026-07-17
Bid,,0,,16,,,
Ask,,1.05,,16,,,
Ask,,1.05,,15,,,
Bid,,0,,15,,,
Bid,0,,,14,,,
Ask,0.2,,,14,,,
Ask,0.3,0.5,,13,,4.9,
Bid,0.05,0,,13,,2.55,
Ask,0.3,0.15,0.1,12,3.1,,
Bid,0.2,0,0,12,1.55,,
Bid,0.3,0.05,,11,,1.15,
Ask,0.4,0.2,,11,,1.55,
Ask,0.7,0.35,0.2,10,0.5,0.7,2.05
Bid,0.55,0.3,0,10,0.15,0.4,0.65
Ask,1.3,1,1.35,9,0.1,0.2,0.35
Bid,1.1,0.7,0,9,0,0,0.2
Ask,3.2,2.35,2.55,8,,1.1,
Bid,0.75,0.9,0.95,8,,0,
Ask,4.1,2.95,3.6,7,,0.25,
Bid,1.65,2.7,1.95,7,,0,
Bid,,2.6,,6,,,
Ask,,4.6,,6,,,
Ask,7,,,4,,,0.05
Bid,4.5,,,4,,,0.0
Chain,CE_2026-05-15,CE_2026-04-17,CE_2026-03-20,strikePrice,PE_2026-03-20,PE_2026-04-17,PE_2026-05-15
Ask,0.2,,,12.5,,,
Bid,0,,,12.5,,,
Ask,0.1,,,10,,,
Bid,0,,,10,,,
Ask,0.3,0.3,0.2,7.5,,,3.2
Bid,0.05,0,0,7.5,,,2.0
Ask,0.9,0.95,0.6,5,0.35,0.8,0.75
Bid,0.65,0.45,0.05,5,0.1,0.05,0.5
Ask,3.4,,3.4,2.5,0.75,,0.75
Bid,2.3,,2.05,2.5,0,,0.0
Chain,CE_2026-08-21,CE_2026-05-15,strikePrice,CE_2026-03-20,PE_2026-05-15,PE_2026-08-21
Ask,0.2,0.1,12.5,,,
Bid,0,0,12.5,,,
Ask,0.75,,10,0.75,,
Bid,0,,10,0,,
Ask,,,7.5,0.35,,1.35
Bid,,,7.5,0,,0.05
Ask,2.55,2.5,5,2.5,0.25,
Bid,0.8,0.8,5,1.1,0,
Ask,5.2,5.2,2.5,5.2,,
Bid,2.5,4,2.5,4,,
Chain,CE_2026-08-21,CE_2026-05-15,CE_2026-03-20,strikePrice,PE_2026-03-20,PE_2026-05-15,PE_2026-08-21
Ask,1,,,10,,,
Bid,0,,,10,,,
Ask,,0.75,0.2,7.5,,,3.5
Bid,,0,0,7.5,,,3.0
Ask,,1.8,,5,,1.25,3.5
Bid,,1.05,,5,,0.9,0.1
Ask,,,,2.5,0.05,1.75,
Bid,,,,2.5,0,0,
Chain,CE_2026-06-18,CE_2026-04-17,CE_2026-03-20,strikePrice,PE_2026-03-20,PE_2026-04-17,PE_2026-06-18
Ask,,,,15,9.6,,
Bid,,,,15,7.3,,
Ask,0.1,,0.05,12.5,7.1,,
Bid,0,,0,12.5,4.8,,
Ask,0.2,,0.05,10,4.6,,5.4
Bid,0.05,,0,10,2.3,,1.55
Ask,0.45,0.25,0.05,7.5,1.05,1.4,2.9
Bid,0.1,0,0,7.5,0.9,0.55,0.05
Ask,,,2.3,5,,,
Bid,,,0.7,5,,,
Chain,CE_2026-05-15,CE_2026-04-17,CE_2026-03-20,strikePrice,PE_2026-03-20,PE_2026-04-17,PE_2026-05-15
Bid,,0,,13,,,
Ask,,0.45,,13,,,
Ask,2.5,1.85,1,10,7,,
Bid,0,0,0,10,2.5,,
Bid,0,0,0,9,,,
Ask,1.1,1.95,4.9,9,,,
Ask,1.75,0.7,0.05,8,5,,
Bid,0,0.5,0,8,0.5,,
Ask,1.7,1.35,0.75,7,4.9,4.8,
Bid,0.4,0.7,0,7,0.25,2,
Bid,0.65,1,0,6,0,0.2,0.4
Ask,1.85,1.2,0.4,6,4.9,4.9,4.9
Ask,4.9,2.85,4.9,5,0.3,1.5,4.1
Bid,0.65,1.4,0,5,0.1,1.25,1.1
Ask,3.8,4.8,4.9,4,0.45,1.2,4.3
Bid,0.1,0.7,0,4,0.1,0.7,0.1
Ask,6,4.9,,3,1.45,0.55,
Bid,1.6,0.3,,3,0,0.35,
Bid,1.75,,2.1,2,,,
Ask,5.5,,7,2,,,
Ask,6.3,,5.9,1,,,
Bid,2,,2.05,1,,,
Chain,CE_2026-05-15,CE_2026-03-20,strikePrice,PE_2026-03-20,PE_2026-04-17,PE_2026-05-15
Ask,1.3,,12.5,,,
Bid,0,,12.5,,,
Ask,5,,10,,,
Bid,0,,10,,,
Ask,1,,7.5,5.5,,4.9
Bid,0.1,,7.5,0.6,,0.6
Ask,5,4.9,5,4.9,,4.9
Bid,0,0,5,0,,0.0
Ask,5,,2.5,0.05,4.9,
Bid,0.4,,2.5,0,0,
Chain,CE_2026-04-17,CE_2026-03-20,strikePrice,PE_2026-03-20,PE_2026-04-17,PE_2026-07-17
Ask,0.05,,12.5,,,7.0
Bid,0,,12.5,,,3.0
Ask,0.2,0.05,10,,3.5,
Bid,0,0,10,,0,
Ask,,0.4,7.5,1.3,0.5,
Bid,,0,7.5,0,0.2,
Ask,,,5,0.15,0.05,1.5
Bid,,,5,0,0,0.05
Ask,,,2.5,,,0.5
Bid,,,2.5,,,0.0
Chain,CE_2026-07-17,CE_2026-04-17,CE_2026-03-20,strikePrice,PE_2026-03-20,PE_2026-04-17,PE_2026-07-17
Ask,0.25,0.2,,12.5,,,
Bid,0.05,0,,12.5,,,
Ask,0.55,0.55,0.75,10,,,
Bid,0,0,0,10,,,
Ask,2.4,0.3,0.2,7.5,3.1,1.5,3.5
Bid,0.2,0.05,0,7.5,0.55,0.75,0.3
Ask,2.6,3.4,3.7,5,0.35,0.25,0.6
Bid,1.25,0.45,0.55,5,0,0,0.25
Ask,4.9,4.7,,2.5,,,0.1
Bid,3.5,3.6,,2.5,,,0.0
Chain,CE_2026-05-15,CE_2026-04-17,CE_2026-03-20,strikePrice,PE_2026-03-20,PE_2026-04-17,PE_2026-05-15
Ask,1.75,,,15,,,
Bid,0,,,15,,,
Ask,0.6,0.35,1.1,12.5,,,
Bid,0.05,0,0,12.5,,,
Ask,0.75,1.4,0.1,10,4.5,4.8,
Bid,0.2,0.05,0.05,10,1.8,1.9,
Ask,1.5,0.85,0.65,7.5,2.75,,
Bid,0.5,0.2,0,7.5,0,,
Ask,2.7,3.2,2.85,5,0.5,,2.3
Bid,1.7,0.7,0.85,5,0,,0.0
Ask,6.3,,5.6,2.5,,0.95,
Bid,2.8,,3.4,2.5,,0,
Chain,CE_2026-07-17,CE_2026-04-17,CE_2026-03-20,strikePrice,PE_2026-03-20,PE_2026-04-17,PE_2026-07-17
Ask,0.5,0.95,1.1,10,,6.6,
Bid,0,0,0,10,,5,
Ask,0.25,0.05,0.05,7.5,3.9,4.6,4.8
Bid,0.15,0,0,7.5,2.9,2.65,2.05
Ask,0.45,0.2,0.1,5,1.4,1.5,1.75
Bid,0.25,0,0,5,1.05,0.9,1.25
Ask,1.75,1.85,1.6,2.5,0.05,0.7,0.35
Bid,1.5,1.3,0.65,2.5,0,0,0.0
Chain,CE_2026-05-15,CE_2026-04-17,CE_2026-03-20,strikePrice,PE_2026-03-20,PE_2026-04-17,PE_2026-05-15
Ask,0.35,0.3,0.15,7.5,,,
Bid,0,0,0,7.5,,,
Ask,0.55,,0.5,5,,,
Bid,0.2,,0.05,5,,,
Ask,2.9,,2.5,2.5,0.05,0.05,0.75
Bid,0.55,,0.2,2.5,0,0,0.0
Chain,CE_2026-05-15,CE_2026-04-17,CE_2026-03-20,strikePrice,PE_2026-03-20,PE_2026-04-17,PE_2026-05-15
Bid,0.05,,,25,,,
Ask,2.65,,,25,,,
Bid,0,,,20,,,10.0
Ask,0.75,,,20,,,12.3
Ask,1.35,,,17.5,,,9.2
Bid,0,,,17.5,,,7.7
Ask,0.75,,,15,,,
Bid,0,,,15,,,
Ask,0.65,,0.75,12.5,4,,4.4
Bid,0,,0,12.5,2.9,,2.65
Ask,1.1,,0.4,10,1.5,1.85,3.1
Bid,0.35,,0,10,0.85,0.5,0.6
Ask,3.3,,2.2,7.5,0.75,,0.85
Bid,0.85,,1,7.5,0,,0.0
Ask,4.8,4.7,,5,0.75,,0.95
Bid,3.6,3.5,,5,0,,0.0
Ask,7.4,,,2.5,,,
Bid,5.9,,,2.5,,,
Chain,CE_2026-07-17,CE_2026-04-17,CE_2026-03-20,strikePrice,PE_2026-03-20,PE_2026-04-17,PE_2026-07-17
Ask,0.2,0.35,,8,2.9,3.1,3.3
Bid,0.05,0,,8,2.25,2.4,2.35
Ask,0.4,0.15,0.05,7,2.05,,2.35
Bid,0.1,0,0,7,1.45,,1.6
Ask,0.45,0.2,0.05,6,0.9,1.25,
Bid,0.35,0.1,0,6,0.6,0.55,
Ask,0.95,0.7,0.5,5,0.1,0.35,0.5
Bid,0.8,0.55,0.3,5,0,0.1,0.25
Ask,1.7,1.65,1.45,4,0.1,0.1,0.25
Bid,0.95,1.1,1.35,4,0,0,0.05
Ask,2.6,2.6,2.55,3,,0.15,0.4
Bid,1.9,1.95,1.95,3,,0,0.0
Ask,3.9,3.6,,2,,0.5,
Bid,2.95,2.95,,2,,0,
Ask,,4.6,4.6,1,,,
Bid,,3.9,3.9,1,,,
Chain,CE_2026-05-15,CE_2026-04-17,CE_2026-03-20,strikePrice,PE_2026-03-20,PE_2026-04-17,PE_2026-05-15
Ask,2.3,0.25,,12.5,,,
Bid,0,0,,12.5,,,
Ask,2.65,0.75,0.4,10,,,
Bid,0.05,0.25,0,10,,,
Ask,2.75,,2,7.5,0.5,1,3.1
Bid,0.7,,0.25,7.5,0.1,0.35,0.05
Chain,CE_2026-07-17,CE_2026-04-17,CE_2026-03-20,strikePrice,PE_2026-03-20,PE_2026-04-17,PE_2026-07-17
Ask,0.1,0.05,,7.5,,4.7,
Bid,0,0,,7.5,,3.5,
Ask,0.35,0.15,0.15,5,0.6,0.8,1.1
Bid,0.2,0.1,0,5,0.25,0.4,0.0
Ask,2.65,2.5,2.25,2.5,,0.15,
Bid,0.9,2,1.5,2.5,,0,
Chain,CE_2026-05-15,CE_2026-04-17,CE_2026-03-20,strikePrice,PE_2026-03-20,PE_2026-04-17,PE_2026-05-15
Ask,0.5,0.45,,7.5,2.2,,
Bid,0,0,,7.5,1.45,,
Ask,0.9,,1.05,5,,0.75,0.75
Bid,0.75,,0.35,5,,0,0.15
Ask,2.9,,3.8,2.5,0.05,,0.75
Bid,2.15,,2.6,2.5,0,,0.0
Chain,CE_2026-05-15,CE_2026-04-17,CE_2026-03-20,strikePrice,PE_2026-03-20,PE_2026-04-17,PE_2026-05-15
Ask,0.1,0.2,,7.5,,,
Bid,0.05,0,,7.5,,,
Ask,0.75,0.25,0.05,5,,,2.45
Bid,0.05,0,0,5,,,1.75
Ask,0.75,,0.75,2.5,1,0.35,0.45
Bid,0.55,,0.45,2.5,0,0,0.05
Chain,CE_2026-07-17,CE_2026-04-17,CE_2026-03-20,strikePrice,PE_2026-03-20,PE_2026-04-17,PE_2026-07-17
Bid,,0,,15,,,
Ask,,0.05,,15,,,
Ask,,0.75,,14,,,
Bid,,0,,14,,,
Ask,,0.05,,13,,,
Bid,,0,,13,,,
Ask,0.15,0.05,,12,,,
Bid,0,0,,12,,,
Ask,0.7,0.75,,11,,6.2,
Bid,0,0,,11,,5,
Ask,0.3,0.2,,10,,3.5,5.9
Bid,0,0,,10,,2.3,4.3
Ask,0.25,0.2,0.1,9,,4.9,4.7
Bid,0.1,0,0,9,,3.3,3.4
Ask,0.3,0.1,0.05,8,4,3.6,3.6
Bid,0.15,0,0,8,2.2,2.2,2.5
Ask,0.45,0.2,0.05,7,2.25,2.75,2.45
Bid,0.3,0.05,0,7,1.7,1.55,1.9
Ask,0.7,0.25,0.05,6,1.2,1.6,1.65
Bid,0.55,0.15,0,6,0.65,1,1.2
Ask,1.25,0.55,0.35,5,0.5,0.55,0.9
Bid,0.95,0.4,0.25,5,0.15,0.15,0.7
Ask,1.9,1.55,1.55,4,0.05,0.35,0.45
Bid,1.15,0.9,0.8,4,0,0.05,0.3
Bid,1.75,1.8,1.85,3,0,0,0.0
Ask,3.1,2.95,2.75,3,0.95,0.75,0.7
Ask,4.2,3.7,,2,,,0.75
Bid,2.6,2.5,,2,,,0.0
Chain,CE_2026-06-18,CE_2026-04-17,CE_2026-03-20,strikePrice,PE_2026-03-20,PE_2026-04-17,PE_2026-06-18
Bid,,,0,16,,,
Ask,,,0.4,16,,,
Ask,,,0.5,15,,,
Bid,,,0,15,,,
Bid,0,,,14,,,
Ask,0.75,,,14,,,
Ask,0.2,,0.35,12,3.6,,3.7
Bid,0,,0,12,0.1,,1.95
Ask,0.75,0.75,0.5,11,2.3,,4.0
Bid,0,0,0,11,1.6,,1.7
Bid,0.05,,0,10,0.6,,0.7
Ask,0.25,,0.3,10,1.5,,2.55
Ask,0.9,,0.45,9,0.75,0.75,0.4
Bid,0.05,,0,9,0,0.1,0.0
Ask,,1.45,1.45,8,,,0.75
Bid,,0.7,0.55,8,,,0.0
Ask,,,6,5,,,
Bid,,,4.8,5,,,
Bid,,,5,4,,,
Ask,,,7.3,4,,,
Ask,,,6.8,3,,,
Bid,,,5.3,3,,,
Chain,CE_2026-05-15,CE_2026-04-17,strikePrice,CE_2026-03-20,PE_2026-03-20,PE_2026-05-15
Ask,,,17.5,,10.2,
Bid,,,17.5,,7.5,
Ask,1,,15,,,
Bid,0,,15,,,
Ask,5,,12.5,0.4,,
Bid,0,,12.5,0,,
Ask,5,,10,5,,5.0
Bid,0,,10,0,,0.5
Ask,5,5,7.5,5,0.5,5.0
Bid,0,0,7.5,0,0,0.1
Ask,5.5,,5,,,
Bid,0.9,,5,,,
Ask,,,2.5,,0.05,
Bid,,,2.5,,0,
Chain,CE_2026-06-18,CE_2026-04-17,CE_2026-03-20,strikePrice,PE_2026-03-20,PE_2026-04-17,PE_2026-06-18
Ask,,,0.55,15,8.8,,
Bid,,,0,15,6.2,,
Ask,,,0.1,12.5,,,8.3
Bid,,,0,12.5,,,6.8
Ask,0.3,,0.05,10,5.6,,5.7
Bid,0,,0,10,4.4,,4.1
Ask,0.2,0.1,0.05,7.5,3.7,2.85,3.0
Bid,0.1,0,0,7.5,1.95,2.1,2.15
Ask,0.75,,0.4,5,0.1,0.45,0.7
Bid,0.55,,0,5,0,0,0.45
Ask,3.5,,3,2.5,0.05,,
Bid,1.4,,2.6,2.5,0,,
Chain,CE_2026-07-17,CE_2026-04-17,CE_2026-03-20,strikePrice,PE_2026-03-20,PE_2026-04-17,PE_2026-07-17
Bid,,0,,10,,,
Ask,,0.3,,10,,,
Ask,0.75,0.4,,9,,,
Bid,0,0,,9,,,
Ask,0.75,0.75,0.75,8,,,
Bid,0,0,0,8,,,
Ask,0.85,0.7,0.5,7,,2.6,
Bid,0,0,0,7,,1.35,
Ask,1.1,0.75,0.15,6,1.2,1.35,1.8
Bid,0,0,0,6,0.45,0.6,0.05
Ask,1.15,1.05,0.75,5,0.55,0.75,1.75
Bid,0.9,0.3,0.05,5,0,0,0.6
Ask,,1.7,,4,,0.25,0.75
Bid,,0.95,,4,,0.05,0.0
Ask,3.2,2.9,,3,,0.75,
Bid,1.1,1.95,,3,,0,
Ask,,3.8,,2,,,
Bid,,2.6,,2,,,
Ask,,5,,1,,,
Bid,,2.05,,1,,,
Chain,CE_2026-07-17,CE_2026-04-17,strikePrice,CE_2026-03-20,PE_2026-03-20,PE_2026-04-17
Ask,,0.75,12.5,,,
Bid,,0,12.5,,,
Ask,,0.3,10,,,
Bid,,0,10,,,
Ask,0.75,0.75,7.5,,,
Bid,0,0,7.5,,,
Ask,,0.95,5,0.75,0.75,0.75
Bid,,0.3,5,0,0,0.0
Chain,CE_2026-06-18,CE_2026-04-17,CE_2026-03-20,strikePrice,PE_2026-03-20,PE_2026-04-17,PE_2026-06-18
Bid,0,,,25,,,
Ask,0.35,,,25,,,
Ask,0.75,,0.75,20,,,
Bid,0,,0,20,,,
Ask,,,0.75,19,,,
Bid,,,0,19,,,
Ask,2.35,,0.35,18,8,,8.9
Bid,0,,0,18,6.6,,5.8
Ask,,,0.35,17,7.8,,7.9
Bid,,,0,17,6.3,,6.5
Ask,2.5,,0.35,16,,,
Bid,0,,0,16,,,
Bid,0,,0,15,5,,3.2
Ask,2.65,,0.35,15,6.8,,6.7
Ask,2.85,0.45,,14,4.9,,5.0
Bid,0.35,0,,14,2.9,,2.5
Ask,1.6,,0.3,13,3.6,,5.0
Bid,0,,0,13,2.4,,2.6
Ask,1.85,1,0.15,12,2.8,,4.6
Bid,0,0.1,0,12,0.9,,1.15
Bid,3.3,0.05,0,11,0.5,,
Ask,4.5,1.25,0.75,11,1.7,,
Bid,1,0.05,0.45,10,0,0.4,0.1
Ask,2.7,1.9,2,10,0.45,2.25,3.4
Bid,,0.6,,9,0,0.05,0.05
Ask,,2.5,,9,0.35,1.95,3.0
Bid,1.6,,,8,0,0,
Ask,3.8,,,8,0.35,1.75,
Ask,,,,7,,,2.45
Bid,,,,7,,,0.0
Bid,,,,6,0,,
Ask,,,,6,0.35,,
Ask,,,6.4,5,,,1.55
Bid,,,4.1,5,,,0.0
Chain,CE_2026-05-15,CE_2026-04-17,CE_2026-03-20,strikePrice,PE_2026-03-20,PE_2026-04-17,PE_2026-05-15
Ask,0.05,,0.2,7.5,5.2,,5.2
Bid,0,,0,7.5,4.2,,4.2
Ask,0.15,0.1,0.05,5,2.55,2.65,2.75
Bid,0.05,0,0,5,1.75,1.75,1.8
Ask,0.45,0.35,0.4,2.5,0.1,0.25,0.35
Bid,0.35,0.25,0.1,2.5,0,0.15,0.25
Ask,0.85,,,2,,,0.75
Bid,0.25,,,2,,,0.0
Ask,1.75,,,1.5,,,0.45
Bid,1,,,1.5,,,0.0
Ask,2.25,,,1,,,0.75
Bid,1.45,,,1,,,0.0
Ask,2.9,,,0.5,,,
Bid,1.9,,,0.5,,,
Chain,CE_2026-08-21,CE_2026-05-15,CE_2026-03-20,strikePrice,PE_2026-03-20,PE_2026-05-15,PE_2026-08-21
Ask,,,,15,,8.6,
Bid,,,,15,,7.1,
Ask,0.1,0.75,,12.5,,6,
Bid,0,0,,12.5,,4.8,
Ask,0.5,0.1,0.05,10,3.9,3.5,4.4
Bid,0,0,0,10,1.65,2.3,1.4
Ask,1.1,0.4,0.7,7.5,2.05,0.8,3.2
Bid,0,0,0,7.5,0,0.55,0.8
Ask,4.5,3.9,3.9,5,,1.65,2.25
Bid,1.55,1.1,1.15,5,,0,0.0
Ask,7.7,7.3,,2.5,,,
Bid,3.3,3.5,,2.5,,,
Chain,CE_2026-06-18,CE_2026-04-17,strikePrice,CE_2026-03-20,PE_2026-03-20,PE_2026-06-18
Ask,0.2,,15,,,
Bid,0,,15,,,
Ask,0.7,,12.5,0.1,8.8,
Bid,0.05,,12.5,0,5.9,
Ask,0.7,0.55,10,0.15,1.4,2.2
Bid,0.35,0.1,10,0,0.5,1.0
Ask,2.2,2.45,7.5,1.45,0.1,2.45
Bid,1.25,0.35,7.5,1.2,0,0.0
Ask,5.1,,5,4.4,0.05,0.4
Bid,2.15,,5,2.45,0,0.0
Ask,,,2.5,5,,
Bid,,,2.5,2.25,,
Chain,CE_2026-07-17,CE_2026-04-17,CE_2026-03-20,strikePrice,PE_2026-03-20,PE_2026-04-17,PE_2026-07-17
Ask,0.2,0.2,,10,,,
Bid,0,0,,10,,,
Ask,0.05,0.1,0.05,7.5,3.4,3.3,
Bid,0,0,0,7.5,2.05,2.1,
Ask,0.9,0.75,0.75,5,0.35,0.75,0.6
Bid,0,0.1,0,5,0,0,0.3
Ask,,2.95,,2.5,,,0.75
Bid,,2.2,,2.5,,,0.0
Chain,CE_2026-07-17,CE_2026-04-17,CE_2026-03-20,strikePrice,PE_2026-03-20,PE_2026-04-17,PE_2026-07-17
Bid,,,0,9,,,
Ask,,,0.1,9,,,
Ask,,,0.05,8,,,
Bid,,,0,8,,,
Ask,,0.1,,7.5,,3.9,
Bid,,0,,7.5,,2.9,
Ask,0.7,,0.05,7,,,3.5
Bid,0.05,,0,7,,,2.5
Bid,0.05,0,0,6,1.55,1.45,1.65
Ask,0.4,0.05,0.05,6,2.3,2.4,2.4
Ask,0.3,0.1,0.15,5.5,1.8,1.85,2.0
Bid,0.1,0,0,5.5,1.05,0.9,1.3
Bid,0.2,0.05,0,5,0.7,0.55,1.2
Ask,0.4,0.1,0.05,5,1.25,1.35,1.5
Bid,0.15,0.05,0,4.5,0.25,0.4,0.45
Ask,0.85,0.2,0.1,4.5,0.8,1,1.2
Bid,0.55,0.25,0,4,0.15,0.25,0.3
Ask,0.85,0.4,0.8,4,0.45,0.4,0.85
Bid,0.8,0.4,0.25,3.5,0,0.05,0.1
Ask,1.3,1.05,1,3.5,0.75,0.15,0.5
Bid,0.9,0.65,0.75,3,,,0.1
Ask,1.65,1.4,1.45,3,,,0.2
Bid,1.3,1.3,,2.5,,0,0.0
Ask,1.75,1.7,,2.5,,0.05,0.75
Ask,2.5,,,2,,,0.05
Bid,1.55,,,2,,,0.0
Bid,2.5,2.05,,1.5,,,
Ask,3.5,2.9,,1.5,,,
Ask,3.7,3.4,,1,,0.05,0.05
Bid,2.7,2.4,,1,,0,0.0
Chain,CE_2026-06-18,CE_2026-04-17,CE_2026-03-20,strikePrice,PE_2026-03-20,PE_2026-04-17,PE_2026-06-18
Bid,0.05,,0,35,28,,27.7
Ask,0.6,,0.5,35,29.4,,30.5
Ask,0.55,,0.95,30,23.7,,25.3
Bid,0.05,,0,30,21.2,,22.8
Bid,0.05,,0,25,17.8,,18.0
Ask,0.7,,0.75,25,20.2,,20.3
Ask,1.35,,0.5,22.5,16.2,,16.5
Bid,0.1,,0,22.5,14,,14.3
Ask,0.75,,0.15,20,11.7,,13.9
Bid,0.05,,0,20,10.7,,11.9
Bid,0.25,,0,17.5,9.2,,9.0
Ask,0.85,,0.05,17.5,9.3,,9.7
Ask,1.1,0.3,0.1,15,6.8,,7.3
Bid,0.75,0.05,0,15,6,,7.0
Ask,1.6,0.75,0.1,12.5,4.2,4.5,5.2
Bid,1.05,0.1,0.05,12.5,3.5,4,4.8
Ask,2.1,1,0.4,10,1.9,2.4,3.2
Bid,1.6,0.6,0.25,10,1.2,2.05,2.9
Ask,2.95,2.1,1.6,7.5,0.4,0.95,1.7
Bid,2.5,1.7,1.15,7.5,0.15,0.6,1.3
Bid,3.9,3.2,3.4,5,0,0.05,0.4
Ask,4.4,4.1,3.8,5,0.2,0.25,0.6
Ask,6.7,7.1,6.6,2.5,0.05,0.2,0.15
Bid,6,5.5,5.5,2.5,0,0,0.0
Chain,CE_2026-05-15,CE_2026-04-17,CE_2026-03-20,strikePrice,PE_2026-03-20,PE_2026-04-17,PE_2026-05-15
Ask,0.75,,,17.5,,,
Bid,0,,,17.5,,,
Ask,1.55,,,15,,,
Bid,0,,,15,,,
Ask,0.05,,,12.5,,,3.9
Bid,0,,,12.5,,,2.1
Ask,0.2,0.15,0.05,10,4.1,,1.6
Bid,0,0,0,10,1.55,,0.65
Ask,2.8,,1.2,7.5,1.5,1.2,0.75
Bid,1.05,,0,7.5,0,0,0.1
Ask,3.8,,,5,,,
Bid,1.95,,,5,,,
Ask,5.5,,5.9,2.5,,,
Bid,4.1,,3.6,2.5,,,
Chain,CE_2026-05-15,CE_2026-04-17,CE_2026-03-20,strikePrice,PE_2026-03-20,PE_2026-04-17,PE_2026-05-15
Bid,,,0,14,,,
Ask,,,0.75,14,,,
Ask,0.75,,0.75,12,,,
Bid,0,,0,12,,,
Ask,0.75,,,11,,,
Bid,0,,,11,,,
Ask,0.75,,,10,,,4.9
Bid,0,,,10,,,3.5
Ask,0.2,,0.75,9,,,4.2
Bid,0,,0,9,,,2.6
Ask,0.4,,0.75,8,4.4,,
Bid,0,,0,8,1.85,,
Ask,1.15,,,7,1.75,,2.1
Bid,0,,,7,0.85,,0.95
Ask,1.3,0.7,1.15,6,0.45,1.2,2.1
Bid,0,0,0,6,0.1,0.1,0.25
Ask,3.2,,1.65,5,0.7,,0.75
Bid,1.9,,0.35,5,0,,0.0
Ask,2.75,2.7,,4,,,
Bid,1.4,1.35,,4,,,
Chain,CE_2026-05-15,CE_2026-04-17,CE_2026-03-20,strikePrice,PE_2026-03-20,PE_2026-04-17,PE_2026-05-15
Ask,2.15,,,10,,,
Bid,0,,,10,,,
Ask,0.1,,,7.5,,,
Bid,0.05,,,7.5,,,
Ask,0.5,0.4,0.15,5,2,2.1,3.3
Bid,0,0,0,5,0.8,0.55,0.65
Ask,2.3,,3.8,2.5,0.05,,0.25
Bid,0.3,,0.8,2.5,0,,0.0
Chain,CE_2026-05-15,CE_2026-04-17,strikePrice,CE_2026-03-20,PE_2026-03-20,PE_2026-05-15
Ask,0.2,,12.5,,,
Bid,0,,12.5,,,
Ask,0.15,,10,0.75,,4.3
Bid,0,,10,0,,3.2
Ask,0.3,0.2,7.5,0.05,1.55,1.7
Bid,0,0,7.5,0,0.9,1.05
Ask,1.75,1.75,5,1.7,0.1,0.75
Bid,1.05,0.85,5,0.8,0,0.0
Ask,,,2.5,,,0.75
Bid,,,2.5,,,0.0
Chain,CE_2026-05-15,CE_2026-04-17,strikePrice,CE_2026-03-20,PE_2026-03-20,PE_2026-05-15
Ask,0.75,0.75,12.5,,,
Bid,0,0,12.5,,,
Ask,1.2,1.75,10,0.4,1.35,3.4
Bid,0,0,10,0,0.5,0.5
Ask,2.4,2.95,7.5,2.65,0.15,0.5
Bid,2,0.9,7.5,1.1,0,0.15
Ask,,,5,5,0.2,0.75
Bid,,,5,3.5,0,0.0
Chain,CE_2026-07-17,CE_2026-04-17,CE_2026-03-20,strikePrice,PE_2026-03-20,PE_2026-04-17,PE_2026-07-17
Ask,0.75,0.15,,12.5,,,
Bid,0,0.05,,12.5,,,
Ask,2.55,2.1,1.05,10,4.2,,4.1
Bid,0.05,0,0,10,2.4,,2.45
Ask,2.65,0.35,,7.5,2.95,,
Bid,0.15,0.05,,7.5,0.5,,
Ask,4.9,,,5,,0.75,
Bid,3.6,,,5,,0,
Chain,CE_2026-08-21,CE_2026-05-15,CE_2026-03-20,strikePrice,PE_2026-03-20,PE_2026-05-15,PE_2026-08-21
Ask,1.95,0.1,,10,,,
Bid,0,0,,10,,,
Ask,0.25,2.25,0.75,7.5,,2.8,3.7
Bid,0.05,0,0,7.5,,1.8,1.85
Ask,1.7,1.05,0.75,5,1.25,0.75,0.8
Bid,0.8,0.25,0,5,0,0,0.2
Chain,CE_2026-05-15,CE_2026-04-17,strikePrice,CE_2026-03-20,PE_2026-03-20,PE_2026-05-15
Ask,,4.9,17.5,,,
Bid,,0,17.5,,,
Ask,,4.9,12.5,,6,
Bid,,0,12.5,,1.5,
Ask,1.5,0.65,10,0.7,4.9,
Bid,0,0,10,0,0,
Ask,4.9,,7.5,4.9,4.9,2.95
Bid,0,,7.5,0,0,0.0
Ask,6,,5,,,
Bid,1.5,,5,,,
Ask,,,2.5,,0.05,
Bid,,,2.5,,0,
Chain,CE_2026-05-15,CE_2026-04-17,CE_2026-03-20,strikePrice,PE_2026-03-20,PE_2026-04-17,PE_2026-05-15
Ask,0.3,,0.05,7.5,,,
Bid,0.05,,0,7.5,,,
Ask,0.9,4.8,0.15,5,4.8,4.8,4.8
Bid,0,0,0,5,0,0,0.0
Ask,5,,,2.5,,,
Bid,0.5,,,2.5,,,
Chain,CE_2026-08-21,CE_2026-05-15,CE_2026-03-20,strikePrice,PE_2026-03-20,PE_2026-05-15,PE_2026-08-21
Ask,2,,,15,,,
Bid,0,,,15,,,
Ask,2,0.75,,10,,,
Bid,0,0,,10,,,
Ask,2.65,1.7,1,7.5,1.15,1.9,2.9
Bid,0,0,0,7.5,0,0,0.0
Ask,4.5,3.2,2.75,5,,,
Bid,0.45,2,2.05,5,,,
Ask,6.9,6.2,5.5,2.5,,,
Bid,2.8,3.5,4.3,2.5,,,
Chain,CE_2026-07-17,CE_2026-04-17,strikePrice,CE_2026-03-20,PE_2026-03-20,PE_2026-04-17
Ask,3.4,0.75,10,,,
Bid,0,0,10,,,
Ask,0.95,0.5,7.5,0.3,,1.8
Bid,0.6,0.15,7.5,0,,1.45
Ask,4.1,3.3,5,,,1.4
Bid,0.65,1.05,5,,,0.0
Ask,6.5,5.6,2.5,,0.85,1.25
Bid,2.85,2.85,2.5,,0,0.0
Chain,CE_2026-06-18,CE_2026-04-17,strikePrice,CE_2026-03-20,PE_2026-03-20,PE_2026-06-18
Ask,0.75,,15,,,
Bid,0,,15,,,
Ask,2.7,,12.5,0.75,,
Bid,0,,12.5,0,,
Ask,0.75,,10,0.25,3.2,
Bid,0,,10,0,2,
Ask,1.3,0.75,7.5,0.25,2.25,2.05
Bid,0.15,0,7.5,0,0.05,1.1
Ask,4.5,,5,2.1,0.35,0.75
Bid,3.2,,5,0.55,0,0.0
Ask,,,2.5,5.8,,
Bid,,,2.5,3.1,,
Chain,CE_2026-07-17,CE_2026-04-17,strikePrice,CE_2026-03-20,PE_2026-04-17
Ask,0.2,0.95,7.5,,
Bid,0,0,7.5,,
Ask,0.2,0.2,5,0.05,1.3
Bid,0,0,5,0,0.2
Chain,CE_2026-05-15,CE_2026-04-17,CE_2026-03-20,strikePrice,PE_2026-03-20,PE_2026-04-17,PE_2026-05-15
Ask,,,0.05,12.5,,,
Bid,,,0,12.5,,,
Ask,,0.15,0.1,10,,,
Bid,,0,0,10,,,
Ask,0.7,0.35,0.1,7.5,1.7,,
Bid,0.3,0.15,0,7.5,0.9,,
Ask,,2,1.4,5,0.2,0.3,0.8
Bid,,1.05,1.25,5,0,0,0.1
Ask,,,4.3,2.5,0.05,,
Bid,,,3.1,2.5,0,,
Chain,CE_2026-05-15,CE_2026-04-17,CE_2026-03-20,strikePrice,PE_2026-03-20,PE_2026-04-17,PE_2026-05-15
Ask,0.75,,,12.5,,,
Bid,0.05,,,12.5,,,
Ask,0.75,0.75,0.75,10,,,3.9
Bid,0.05,0,0,10,,,1.65
Ask,1.7,1.25,1,7.5,0.75,0.5,1.5
Bid,0.55,0.5,0.15,7.5,0,0.25,0.15
Ask,3.6,,,5,0.2,,
Bid,2.5,,,5,0,,
Ask,6.1,,6.1,2.5,,,
Bid,4.9,,5,2.5,,,
Chain,CE_2026-05-15,CE_2026-04-17,strikePrice,CE_2026-03-20,PE_2026-03-20,PE_2026-05-15
Bid,0,,15,,,
Ask,4.9,,15,,,
Ask,1,,14,,,8.8
Bid,0,,14,,,4.5
Ask,,,13,4.9,,
Bid,,,13,0,,
Ask,4.9,,12,4.9,,
Bid,0,,12,0,,
Ask,4.9,,11,0.2,,7.0
Bid,0,,11,0,,2.4
Ask,3.6,4.9,10,2.75,,6.0
Bid,0,0,10,0,,1.5
Ask,2,1,9,,,4.9
Bid,0,0.05,9,,,0.5
Ask,4.6,4.9,8,0.2,,4.9
Bid,0,0,8,0,,0.1
Ask,4.9,,7,2.05,,4.9
Bid,0,,7,0,,0.0
Ask,4.9,,6,4.9,0.3,
Bid,0.1,,6,0,0,
Ask,7,,5,,0.15,
Bid,2.5,,5,,0,
Ask,,,4,,4.9,
Bid,,,4,,0,
Bid,,,3,,0,0.0
Ask,,,3,,0.75,4.2
Ask,,,2,,0.1,
Bid,,,2,,0,
Chain,CE_2026-05-15,CE_2026-04-17,CE_2026-03-20,strikePrice,PE_2026-03-20,PE_2026-04-17,PE_2026-05-15
Bid,0,,,15,,,
Ask,0.75,,,15,,,
Ask,1.5,,,13,,,
Bid,0,,,13,,,
Bid,0,,,12,,,
Ask,0.75,,,12,,,
Ask,,,,11,,,5.5
Bid,,,,11,,,4.4
Ask,0.75,,,10,,,4.5
Bid,0,,,10,,,3.4
Bid,0,,,9,,,2.05
Ask,0.75,,,9,,,2.65
Ask,0.75,0.75,0.75,8,,,2.15
Bid,0,0,0,8,,,1.4
Ask,0.6,0.3,0.75,7,1.25,1.55,1.65
Bid,0.1,0.05,0,7,0.6,0.75,0.9
Ask,1.1,,0.65,6,0.4,0.75,0.9
Bid,0.35,,0.05,6,0.1,0.1,0.25
Bid,0.95,,0.75,5,0,,0.0
Ask,1.7,,1.45,5,0.15,,0.75
Ask,2.55,,2.45,4,,,0.75
Bid,1.6,,1.55,4,,,0.0
Chain,CE_2026-05-15,CE_2026-03-20,strikePrice,PE_2026-03-20,PE_2026-04-17,PE_2026-05-15
Ask,0.3,,12.5,,,4.3
Bid,0,,12.5,,,1.7
Ask,1.85,0.5,10,1.9,2.05,1.25
Bid,0,0,10,0.1,0,0.1
Ask,3.3,,7.5,,,0.75
Bid,2.1,,7.5,,,0.0
Ask,,,5,0.1,,0.75
Bid,,,5,0,,0.0
Chain,CE_2026-06-18,CE_2026-04-17,CE_2026-03-20,strikePrice,PE_2026-03-20,PE_2026-04-17,PE_2026-06-18
Bid,0,,0,30,,,
Ask,0.95,,0.25,30,,,
Ask,0.25,,0.35,25,,,
Bid,0.1,,0,25,,,
Bid,0.05,,0,22.5,,,
Ask,0.9,,0.75,22.5,,,
Ask,0.55,,0.05,20,,,
Bid,0.05,,0,20,,,
Ask,0.4,0.95,0.05,17.5,9.3,,
Bid,0.15,0,0,17.5,8,,
Bid,0.3,0,0,15,5.2,5.3,6.1
Ask,0.45,0.3,0.05,15,6.7,6.8,7.1
Ask,0.7,0.6,0.05,12.5,4,,4.8
Bid,0.5,0,0,12.5,2.75,,3.9
Ask,1.2,0.6,0.15,10,1.35,1.95,2.3
Bid,1.05,0.4,0.05,10,1.15,1.45,2.15
Ask,3.8,,1.55,7.5,0.2,0.45,0.95
Bid,2,,1.3,7.5,0,0.25,0.75
Bid,3.7,,3.5,5,0,,
Ask,4.9,,4.7,5,0.1,,
Ask,,,7.3,2.5,,,
Bid,,,5.8,2.5,,,
Chain,CE_2026-05-15,CE_2026-04-17,CE_2026-03-20,strikePrice,PE_2026-03-20,PE_2026-04-17,PE_2026-05-15
Ask,0.15,,0.5,15,,,
Bid,0,,0,15,,,
Ask,0.35,0.2,0.5,12.5,5.1,,
Bid,0.05,0,0,12.5,4.1,,
Ask,0.3,0.25,0.05,10,2.6,2.6,2.8
Bid,0.2,0.1,0,10,1.65,1.55,1.35
Ask,1.1,0.8,0.45,7.5,0.35,0.75,1.75
Bid,0.65,0.55,0.2,7.5,0.1,0.35,0.05
Ask,3.4,3.3,3.1,5,0.5,,0.5
Bid,2.4,2.35,2.3,5,0,,0.0
Ask,6.2,6.2,5.8,2.5,,,
Bid,4.8,4.8,4.9,2.5,,,
Chain,CE_2026-07-17,CE_2026-04-17,CE_2026-03-20,strikePrice,PE_2026-03-20,PE_2026-04-17,PE_2026-07-17
Ask,0.75,0.75,,12.5,,,
Bid,0,0,,12.5,,,
Ask,0.75,1.2,,10,,,
Bid,0,0,,10,,,
Ask,0.3,1.15,0.95,7.5,,3.2,2.95
Bid,0,0,0,7.5,,2,2.6
Ask,1,0.5,0.55,5,0.75,0.75,0.7
Bid,0.4,0,0,5,0,0,0.5
Ask,2.7,2.65,2.65,2.5,,,
Bid,2,2,1.9,2.5,,,
Chain,CE_2026-07-17,CE_2026-04-17,CE_2026-03-20,strikePrice,PE_2026-03-20,PE_2026-04-17,PE_2026-07-17
Bid,,0,,25,,,
Ask,,0.75,,25,,,
Bid,0,0,,20,,,
Ask,0.1,1.85,,20,,,
Ask,0.15,0.75,,17.5,,,
Bid,0,0,,17.5,,,
Ask,0.75,0.75,,15,,7.7,
Bid,0,0,,15,,6.2,
Ask,0.75,0.65,0.75,12.5,5,5,5.1
Bid,0,0,0,12.5,3.9,3.9,3.9
Ask,0.35,1,0.1,10,2.4,2.1,2.55
Bid,0.25,0,0,10,1.55,1.85,1.8
Ask,1.25,1.05,1.7,7.5,0.1,0.5,0.7
Bid,1.05,0.5,0.4,7.5,0,0,0.3
Ask,9.4,,,5,,0.7,
Bid,7.1,,,5,,0,
Ask,6.2,6.2,6.2,2.5,,,
Bid,4.8,5,5,2.5,,,
Chain,CE_2026-08-21,CE_2026-05-15,strikePrice,CE_2026-03-20,PE_2026-03-20,PE_2026-08-21
Ask,,,7.5,0.75,,
Bid,,,7.5,0,,
Ask,0.9,2.45,5,0.1,,2.8
Bid,0.6,0,5,0,,0.75
Ask,2.5,1.7,2.5,,0.1,
Bid,0.6,0.95,2.5,,0,
Chain,CE_2026-07-17,CE_2026-04-17,CE_2026-03-20,strikePrice,PE_2026-03-20,PE_2026-04-17,PE_2026-07-17
Ask,0.5,,0.35,10,,,
Bid,0,,0,10,,,
Ask,0.45,0.2,0.2,7.5,3.8,,3.9
Bid,0.25,0.05,0,7.5,2.6,,2.8
Ask,0.75,0.3,0.15,5,1.05,1.25,1.75
Bid,0.45,0.2,0,5,0.4,0.6,1.3
Ask,1.9,1.75,1.85,2.5,0.05,0.35,0.2
Bid,1.65,1.35,1.3,2.5,0,0,0.1
Chain,CE_2026-06-18,CE_2026-04-17,strikePrice,CE_2026-03-20,PE_2026-03-20,PE_2026-06-18
Ask,0.2,,12.5,,,
Bid,0,,12.5,,,
Ask,2.1,,10,0.75,,
Bid,0.05,,10,0,,
Ask,1.25,,7.5,0.6,1.5,2.75
Bid,0.65,,7.5,0.05,0.15,0.6
Ask,3.1,3.8,5,3.1,0.55,0.4
Bid,0.95,1.2,5,1.4,0,0.0
Ask,6.1,,2.5,,1.2,
Bid,1.35,,2.5,,0,
Chain,CE_2026-05-15,CE_2026-04-17,strikePrice,CE_2026-03-20,PE_2026-05-15
Ask,1.5,,10,,
Bid,0,,10,,
Ask,,4.9,7.5,4.9,
Bid,,0,7.5,0,
Ask,4.9,,5,0.4,4.9
Bid,0,,5,0,0.0
Ask,4.9,,2.5,,
Bid,0,,2.5,,
Chain,CE_2026-08-21,CE_2026-05-15,strikePrice,CE_2026-04-17,PE_2026-05-15,PE_2026-08-21
Ask,0.25,0.1,10,,,
Bid,0,0,10,,,
Ask,1.6,1,7.5,0.1,2.95,3.9
Bid,0,0,7.5,0,0,0.0
Ask,1.6,1.6,5,,,1.55
Bid,1.25,0.8,5,,,0.0
Ask,,,2.5,,1,
Bid,,,2.5,,0,
Chain,CE_2026-07-17,CE_2026-04-17,CE_2026-03-20,strikePrice,PE_2026-03-20,PE_2026-04-17,PE_2026-07-17
Ask,,,,15,,,7.7
Bid,,,,15,,,6.2
Ask,,0.05,,12.5,,,
Bid,,0,,12.5,,,
Ask,0.1,0.1,0.5,10,3.5,3.8,2.75
Bid,0.05,0,0,10,1.9,2.2,1.75
Ask,2.55,0.95,0.75,7.5,0.4,0.5,1.0
Bid,0.3,0,0.15,7.5,0,0.1,0.1
Ask,4.3,4.3,,5,0.75,,
Bid,1.55,3.1,,5,0,,
Ask,5.9,5.8,,2.5,,,
Bid,3.9,5,,2.5,,,
Chain,CE_2026-05-15,CE_2026-04-17,CE_2026-03-20,strikePrice,PE_2026-03-20,PE_2026-04-17,PE_2026-05-15
Bid,0.05,,0,15,9.4,,
Ask,0.45,,0.1,15,10.8,,
Ask,0.35,,0.2,12.5,8,,8.8
Bid,0.1,,0,12.5,6.9,,7.8
Ask,0.5,,0.1,10,5.3,,5.6
Bid,0.25,,0,10,4.3,,5.0
Ask,0.75,0.4,0.1,7.5,2.85,3,3.5
Bid,0.55,0.35,0.05,7.5,2.2,2.55,2.85
Bid,1.1,0.75,0.2,5.5,0.6,1.05,1.45
Ask,1.3,0.85,0.3,5.5,0.9,1.45,1.9
Ask,1.4,1.05,0.45,5,0.5,0.95,1.35
Bid,1.3,0.9,0.35,5,0.3,0.85,1.2
Bid,1.35,1,0.55,4.5,0.1,0.55,0.85
Ask,1.9,1.5,0.75,4.5,0.25,0.85,1.2
Bid,1.55,,0.8,4,0.05,0.3,0.65
Ask,2.1,,1.4,4,0.1,0.6,0.9
Bid,1.85,,1.3,3.5,0,0.1,0.3
Ask,2.3,,1.85,3.5,0.1,0.5,0.75
Bid,2.05,,1.75,3,0,0.05,0.25
Ask,2.7,,2.3,3,0.3,0.35,0.55
Bid,2.5,,2.25,2.5,0,,0.15
Ask,2.95,,2.8,2.5,0.45,,0.35
Bid,2.75,2.55,,2,,0,0.05
Ask,3.6,3.4,,2,,0.4,0.45
Ask,4,3.9,3.8,1.5,0.2,,0.35
Bid,3.1,3.1,3.1,1.5,0,,0.0
Bid,3.5,,,1,,,0.0
Ask,4.6,,,1,,,0.2
Ask,5.1,,,0.5,,,0.05
Bid,4,,,0.5,,,0.0
Chain,CE_2026-07-17,CE_2026-04-17,CE_2026-03-20,strikePrice,PE_2026-03-20,PE_2026-04-17,PE_2026-07-17
Ask,0.45,1.9,,20,,,
Bid,0.15,0,,20,,,
Ask,0.5,,1.55,17.5,,,
Bid,0.2,,0,17.5,,,
Ask,2.8,,0.6,15,,,
Bid,0.05,,0,15,,,
Ask,1.7,0.15,1.55,12.5,7.4,,7.9
Bid,0.05,0,0,12.5,5,,5.2
Ask,1.1,1.5,0.15,10,4.9,4.9,5.6
Bid,0.2,0,0.05,10,2.3,2.45,3.1
Ask,1.25,2.25,1.4,7.5,1.9,2.85,2.4
Bid,0.55,0.1,0.05,7.5,1.25,0.45,2.1
Ask,3.8,3,1.6,5,0.15,0.8,1.05
Bid,0.95,1.1,0.3,5,0,0,0.6
Ask,5.3,5,,2.5,0.05,,0.3
Bid,3.1,2.65,,2.5,0,,0.0
Chain,CE_2026-07-17,CE_2026-04-17,strikePrice,PE_2026-03-20,PE_2026-04-17,PE_2026-07-17
Ask,0.7,,15,,,
Bid,0.25,,15,,,
Ask,4.9,3,12.5,,,
Bid,0,0,12.5,,,
Ask,4.9,2.5,10,4.9,,
Bid,0,0,10,0.05,,
Ask,4.9,3.8,7.5,,4.9,4.9
Bid,1.2,0.15,7.5,,0,0.0
Ask,6.2,6.5,5,,0.35,4.9
Bid,1.5,2,5,,0,0.0
Ask,,9,2.5,,,
Bid,,4.2,2.5,,,
Chain,CE_2026-05-15,CE_2026-04-17,CE_2026-03-20,strikePrice,PE_2026-03-20,PE_2026-04-17,PE_2026-05-15
Bid,,0,,22.5,,,
Ask,,0.75,,22.5,,,
Bid,0,0,,20,,,
Ask,0.75,0.45,,20,,,
Ask,0.75,0.75,,17.5,,,
Bid,0,0,,17.5,,,
Ask,0.75,0.5,0.5,15,,,
Bid,0,0,0,15,,,
Ask,0.35,0.1,0.05,12.5,,3.6,4.3
Bid,0,0,0,12.5,,2.5,3.1
Ask,0.45,0.15,0.1,10,2.2,2.25,2.45
Bid,0.25,0.1,0,10,1.45,1.5,1.7
Ask,1.85,1.35,1,7.5,0.2,0.35,0.75
Bid,0.9,0.6,0.55,7.5,0,0.1,0.4
Ask,,3.8,,5,,0.4,0.15
Bid,,2.6,,5,,0,0.0
Ask,,,6.5,2.5,,0.05,
Bid,,,5,2.5,,0,
Chain,CE_2026-05-15,CE_2026-04-17,CE_2026-03-20,strikePrice,PE_2026-03-20,PE_2026-04-17,PE_2026-05-15
Bid,,,0,25,13.8,,
Ask,,,0.75,25,15.9,,
Ask,,,0.45,22.5,,,
Bid,,,0,22.5,,,
Ask,0.4,,0.3,20,,,
Bid,0.05,,0,20,,,
Ask,0.7,0.45,0.5,17.5,,,8.1
Bid,0.1,0.05,0,17.5,,,7.1
Ask,0.95,0.4,0.15,15,5.3,,7.1
Bid,0.4,0.2,0,15,4.1,,6.2
Ask,1.25,0.75,0.2,12.5,2.9,3.4,3.8
Bid,0.85,0.6,0.1,12.5,2.1,2.5,3.2
Ask,2,1.5,0.9,10,0.8,1.5,1.95
Bid,1.65,1.3,0.6,10,0.6,1.15,1.55
Ask,3.4,3.1,2.8,7.5,0.1,0.35,0.9
Bid,2.9,2.65,2.45,7.5,0.05,0.15,0.45
Ask,6,6,6,5,0.5,0.25,0.25
Bid,4.8,4.7,4.7,5,0,0,0.05
Ask,8.5,,8.4,2.5,,0.3,0.2
Bid,7.1,,7.1,2.5,,0,0.0
Chain,CE_2026-07-17,CE_2026-04-17,CE_2026-03-20,strikePrice,PE_2026-03-20,PE_2026-04-17,PE_2026-07-17
Ask,2.15,,,20,,,
Bid,0,,,20,,,
Ask,2.15,,0.05,17.5,,,
Bid,0,,0,17.5,,,
Ask,,0.1,,15,,7.4,
Bid,,0,,15,,3.7,
Ask,0.75,0.75,,12.5,,7.7,
Bid,0,0,,12.5,,4.9,
Ask,0.75,0.75,1.05,10,5.4,4.7,
Bid,0,0,0,10,3.2,2.05,
Ask,2.5,0.35,1,7.5,2.8,1.7,2.15
Bid,0,0,0,7.5,1.15,1.4,1.3
Ask,7.1,2.6,,5,,0.75,0.55
Bid,3,0.55,,5,,0,0.35
Ask,6.1,4.3,,2.5,,,
Bid,3.3,3.1,,2.5,,,
Chain,CE_2026-05-15,CE_2026-04-17,CE_2026-03-20,strikePrice,PE_2026-03-20,PE_2026-04-17,PE_2026-05-15
Ask,0.05,1.05,0.75,12.5,,,
Bid,0,0,0,12.5,,,
Ask,0.05,0.05,0.05,10,2.15,,2.45
Bid,0,0,0,10,1.65,,1.7
Ask,1.1,,0.8,7.5,0.15,0.3,0.25
Bid,0.35,,0.35,7.5,0,0,0.05
Ask,3.7,,3.5,5,,0.05,0.4
Bid,2.6,,2.65,5,,0,0.0
Ask,7.3,,5.9,2.5,,,
Bid,4,,5.2,2.5,,,
Chain,CE_2026-06-18,CE_2026-04-17,CE_2026-03-20,strikePrice,PE_2026-03-20,PE_2026-04-17,PE_2026-06-18
Ask,0.05,,0.05,10,4.9,,4.8
Bid,0,,0,10,3.7,,3.6
Ask,0.05,,0.05,7.5,3.9,,3.2
Bid,0,,0,7.5,1.95,,2.75
Ask,0.2,0.05,0.1,5,0.65,1.65,0.75
Bid,0.1,0,0,5,0.3,0,0.6
Ask,2.6,,2.25,2.5,,,
Bid,1.15,,1.45,2.5,,,
Chain,CE_2026-07-17,CE_2026-04-17,CE_2026-03-20,strikePrice,PE_2026-03-20,PE_2026-04-17,PE_2026-07-17
Ask,0.2,0.05,0.05,10,,,
Bid,0,0,0,10,,,
Ask,0.25,0.2,0.25,7.5,3.4,3.6,
Bid,0.05,0,0,7.5,1.65,2,
Ask,0.7,0.4,0.3,5,,0.35,0.65
Bid,0.35,0.2,0.1,5,,0,0.25
Ask,4,2.75,,2.5,,1.7,2.15
Bid,2.1,1.45,,2.5,,0,0.0
Chain,CE_2026-07-17,CE_2026-04-17,CE_2026-03-20,strikePrice,PE_2026-03-20,PE_2026-04-17,PE_2026-07-17
Ask,,0.05,,10,,,
Bid,,0,,10,,,
Ask,0.05,0.05,0.05,7.5,,4.6,5.6
Bid,0,0,0,7.5,,3.4,4.4
Ask,0.05,0.05,0.05,5,2.95,3.2,3.2
Bid,0,0,0,5,2.15,2,2.0
Ask,0.65,0.2,0.25,2.5,0.65,0.45,0.8
Bid,0.25,0.05,0,2.5,0,0,0.1
Chain,CE_2026-07-17,CE_2026-04-17,CE_2026-03-20,strikePrice,PE_2026-03-20,PE_2026-04-17,PE_2026-07-17
Ask,0.3,0.2,,7.5,,,
Bid,0,0,,7.5,,,
Ask,0.75,0.2,0.05,5,1.95,2.05,2.15
Bid,0,0,0,5,0.95,1.3,1.35
Ask,1.55,1.3,1.25,2.5,0.05,0.25,0.75
Bid,0,0.55,0.5,2.5,0,0,0.0
Chain,CE_2026-07-17,CE_2026-04-17,strikePrice,CE_2026-03-20,PE_2026-03-20,PE_2026-04-17
Ask,,,15,,,8.3
Bid,,,15,,,7.5
Ask,0.4,0.35,12.5,0.35,,
Bid,0,,12.5,0,,
Ask,0.5,0.35,10,0.35,3.3,3.5
Bid,0,0,10,0,2.4,2.4
Ask,,,7.5,,,2.75
Bid,,,7.5,,,0.05
Ask,2.9,,5,,,
Bid,1.05,,5,,,
Chain,CE_2026-06-18,strikePrice,CE_2026-03-20,PE_2026-03-20
Ask,,4,2.75,0.25
Bid,,4,1.15,0.0
Ask,2.75,3,,0.05
Bid,1.85,3,,0.0
Ask,5.1,2,,
Bid,1.65,2,,
Ask,6.1,1,,
Bid,2.65,1,,
Chain,CE_2026-07-17,CE_2026-04-17,CE_2026-03-20,strikePrice,PE_2026-03-20,PE_2026-04-17,PE_2026-07-17
Ask,,,1.2,17.5,,,
Bid,,,0,17.5,,,
Ask,,0.05,,12.5,,4.6,
Bid,,0,,12.5,,1.8,
Ask,0.15,0.1,0.05,10,4.5,3.6,3.6
Bid,0,0,0,10,2.15,2,1.55
Ask,0.25,0.25,0.25,7.5,,0.9,2.8
Bid,0.2,0,0,7.5,,0.15,0.0
Ask,,7.5,,2.5,,,
Bid,,6,,2.5,,,
Chain,CE_2026-07-17,CE_2026-04-17,CE_2026-03-20,strikePrice,PE_2026-03-20,PE_2026-04-17,PE_2026-07-17
Ask,0.1,,,10,,,
Bid,0,,,10,,,
Ask,0.25,0.1,0.1,7.5,2.25,,
Bid,0.1,0,0,7.5,0.9,,
Ask,1.5,1.1,1.05,5,0.5,0.1,0.9
Bid,0.85,0.85,0.7,5,0,0,0.05
Ask,4.8,4,,2.5,,,
Bid,2.2,3.2,,2.5,,,
Chain,CE_2026-06-18,CE_2026-04-17,CE_2026-03-20,strikePrice,PE_2026-03-20,PE_2026-04-17,PE_2026-06-18
Bid,,,0,30,,,
Ask,,,0,30,,,
Ask,,,0.75,25,,,
Bid,,,0,25,,,
Bid,,,,22.5,,,10.1
Ask,,,,22.5,,,12.5
Ask,,,,20,10.5,,12.7
Bid,,,,20,7.5,,9.3
Ask,,,0.75,17.5,0,,8.2
Bid,,,0,17.5,0,,4.2
Bid,0,,0,15,5.9,,4.9
Ask,0.2,,0.05,15,6.5,,6.6
Ask,0.15,,0.1,12.5,4.9,,6.0
Bid,0,,0,12.5,2.35,,3.5
Ask,,,1.1,10,2.5,2.15,2.8
Bid,,,0,10,0.05,0.6,0.5
Ask,,,,7.5,,,2.3
Bid,,,,7.5,,,0.0
Bid,,,2.5,5,,,
Ask,,,5.4,5,,,
Ask,8.2,7.1,7.6,2.5,,,
Bid,4.2,4.4,4.9,2.5,,,
Chain,CE_2026-07-17,CE_2026-04-17,CE_2026-03-20,strikePrice,PE_2026-03-20,PE_2026-04-17,PE_2026-07-17
Ask,,0.05,,7.5,,2.8,3.2
Bid,,0,,7.5,,2.05,2.0
Ask,0.45,0.4,0.35,5,0.4,0.4,0.75
Bid,0,0,0,5,0,0,0.0
Ask,,3,,2.5,0.05,,
Bid,,2.25,,2.5,0,,
Chain,CE_2026-07-17,CE_2026-04-17,CE_2026-03-20,strikePrice,PE_2026-03-20,PE_2026-04-17,PE_2026-07-17
Ask,,,,17.5,,11.1,
Bid,,,,17.5,,6.5,
Ask,,,,15,,8.7,
Bid,,,,15,,5.8,
Ask,3.9,0.75,,12.5,5.4,5.7,6.5
Bid,0,0,,12.5,2.85,2.8,2.5
Ask,0.1,0.2,0.35,10,,2.8,3.3
Bid,0,0,0,10,,0.3,1.1
Ask,1.75,2.5,,7.5,,0.75,0.6
Bid,0.05,0.05,,7.5,,0,0.0
Ask,5.7,,4.8,5,,,
Bid,2.05,,2.3,5,,,
Ask,8.2,7.5,7.3,2.5,,,
Bid,3.9,4.6,4.8,2.5,,,
Chain,CE_2026-06-18,CE_2026-04-17,CE_2026-03-20,strikePrice,PE_2026-03-20,PE_2026-04-17,PE_2026-06-18
Ask,0.75,,0.75,20,,,
Bid,0,,0,20,,,
Ask,0.75,,0.75,17.5,,,
Bid,0,,0,17.5,,,
Ask,0.15,,0.75,15,,,8.5
Bid,0.1,,0,15,,,5.1
Ask,0.4,0.2,0.05,12.5,,,
Bid,0.05,0,0,12.5,,,
Ask,1.65,0.5,0.35,10,0.45,3,3.2
Bid,0.65,0.3,0.15,10,0.2,0.1,0.3
Ask,3.3,3.3,2.55,7.5,0.5,0.75,0.8
Bid,1.7,1.9,2.1,7.5,0,0,0.0
Ask,4.5,6.7,5.8,5,0.1,,0.55
Bid,3.3,2.95,2.95,5,0,,0.0
Ask,9.2,,8.4,2.5,,,
Bid,5.5,,5.5,2.5,,,
Chain,CE_2026-05-15,CE_2026-04-17,strikePrice,CE_2026-03-20,PE_2026-03-20,PE_2026-05-15
Ask,0.75,,17.5,,,
Bid,0,,17.5,,,
Ask,0.25,0.25,10,0.1,,5.0
Bid,0.15,0.1,10,0,,2.2
Ask,1.45,,7.5,,0.75,0.45
Bid,0,,7.5,,0,0.2
Ask,4.6,,5,,,
Bid,1.3,,5,,,
Chain,CE_2026-06-18,CE_2026-04-17,strikePrice,CE_2026-03-20,PE_2026-03-20,PE_2026-06-18
Bid,,,11,0,,
Ask,,,11,0.75,,
Ask,,,10,0,,
Bid,,,10,0,,
Ask,,,9,0.75,,
Bid,,,9,0,,
Ask,,,8,0.05,,4.0
Bid,,,8,0,,2.8
Ask,0.05,0.05,7,0.05,2.7,4.0
Bid,0,0,7,0,0,2.8
Ask,0.6,0.55,6,0.55,0.05,0.05
Bid,0.4,0,6,0.3,0,0.0
Ask,3.7,,5,2.05,0.05,2.15
Bid,0.65,,5,0.9,0,1.15
Ask,4.7,,4,4.6,0.05,0.05
Bid,1.65,,4,1.75,0,0.0
Ask,5.7,,3,5.6,0.55,0.05
Bid,2.65,,3,2.75,0,0.0
Ask,6.6,6.6,2,6.6,,
Bid,3.6,3.8,2,3.8,,
Chain,CE_2026-07-17,CE_2026-04-17,strikePrice,CE_2026-03-20,PE_2026-03-20,PE_2026-04-17
Ask,0.25,,15,,,
Bid,0,,15,,,
Ask,0.35,0.75,12.5,0.25,,
Bid,0,0,12.5,0,,
Ask,1.5,0.05,10,0.15,2.45,1.9
Bid,0,0,10,0,0.6,1.7
Ask,,1.8,7.5,,,
Bid,,0.05,7.5,,,
Ask,,9.3,2.5,8.3,,
Bid,,5.2,2.5,5.4,,
Chain,CE_2026-07-17,CE_2026-04-17,strikePrice,CE_2026-03-20,PE_2026-03-20,PE_2026-04-17
Ask,2.65,0.25,7.5,1.1,,
Bid,0,0,7.5,0,,
Ask,0.55,1,5,0.15,,5.0
Bid,0.25,0.05,5,0,,0.9
Ask,1.25,1.8,2.5,1.45,0.35,
Bid,0.85,0,2.5,0.05,0,
Chain,CE_2026-07-17,CE_2026-04-17,CE_2026-03-20,strikePrice,PE_2026-03-20,PE_2026-04-17,PE_2026-07-17
Bid,,,0,8,,,
Ask,,,0.05,8,,,
Ask,0.05,,0.05,7,,,
Bid,0,,0,7,,,
Ask,0.05,0.05,0.05,6,1.2,1.2,1.2
Bid,0,0,0,6,0.5,0.2,0.2
Ask,0.4,0.25,0.2,5,0.05,0.05,0.1
Bid,0,0.15,0.05,5,0,0,0.0
Ask,2.1,1.2,1.2,4,0.05,0.05,0.05
Bid,1.1,1.1,1.1,4,0,0,0.0
Ask,2.7,2.35,2.85,3,,0.05,0.05
Bid,1.7,1.4,1.85,3,,0,0.0
Ask,3.7,3.7,3.8,2,,0.3,
Bid,2.7,2.7,2.8,2,,0,
Ask,,4.2,,1.5,,,
Bid,,3.2,,1.5,,,
Ask,,4.9,,1,,,
Bid,,3.9,,1,,,
Ask,,3.9,,0.5,,,
Bid,,2.9,,0.5,,,
Chain,CE_2026-07-17,CE_2026-04-17,CE_2026-03-20,strikePrice,PE_2026-03-20,PE_2026-04-17,PE_2026-07-17
Bid,,0,,16,,7.7,
Ask,,0.05,,16,,8,
Ask,,0.05,,15,,,
Bid,,0,,15,,,
Ask,,0.05,0.7,14,,,
Bid,,0,0,14,,,
Ask,,0.05,,13,,,
Bid,,0,,13,,,
Ask,0.7,0.05,,12,,,
Bid,0.15,0,,12,,,
Ask,2.5,0.95,,11,,,
Bid,0,0,,11,,,
Ask,2.9,0.4,,10,,,
Bid,0.05,0.25,,10,,,
Ask,2.4,1,2.5,9,,0.55,
Bid,0.85,0.45,0.05,9,,0.3,
Ask,2.6,2.3,2.25,8,0.05,0.4,1.45
Bid,0.6,1.2,0.95,8,0,0,0.05
Ask,1.9,4.6,4.5,7,1.15,0.4,1.15
Bid,1.1,1.15,2,7,0,0.15,0.05
Ask,,4,5.4,6,,1.15,0.7
Bid,,2.9,3,6,,0,0.0
Bid,,2.25,4,5,,0,
Ask,,3.2,5.6,5,,0,
Ask,,,,3,,0.15,0.05
Bid,,,,3,,0,0.0
Chain,CE_2026-09-18,CE_2026-06-18,CE_2026-03-20,strikePrice,PE_2026-03-20,PE_2026-06-18,PE_2026-09-18
Bid,,0,0,25,,,
Ask,,1.5,0.75,25,,,
Bid,,,0,22.5,,,
Ask,,,0.75,22.5,,,
Ask,,0.75,0.75,20,,,
Bid,,0,0,20,,,
Ask,0.5,0.75,0.75,17.5,,,
Bid,0,0,0,17.5,,,
Ask,0.75,0.75,0.75,15,7.7,4.7,
Bid,0,0,0,15,6.2,1.85,
Ask,0.75,0.75,0.3,12.5,5,4.8,
Bid,0.05,0,0,12.5,3.9,4,
Ask,2.1,0.3,0.75,10,3.1,3.4,3.2
Bid,0.05,0.05,0,10,1.6,0.75,1.15
Ask,3.5,3.4,1,7.5,0.15,,3.2
Bid,0.45,1.1,0.25,7.5,0,,0.05
Ask,3.8,,,5,,,
Bid,2.8,,,5,,,
Chain,CE_2026-07-17,CE_2026-04-17,CE_2026-03-20,strikePrice,PE_2026-03-20,PE_2026-04-17,PE_2026-07-17
Bid,,,0,12,,,
Ask,,,0.75,12,,,
Ask,0.75,0.05,,11,,,
Bid,0,0,,11,,,
Bid,0,0,0,10,,3.3,
Ask,0.3,0.05,0.75,10,,3.8,
Ask,1,0.15,0.25,9,1.2,1.45,1.7
Bid,0.15,0,0,9,0.45,0.7,1.0
Ask,1.8,1.75,1.75,8,0.15,0.75,1.05
Bid,1,0.75,0.8,8,0.1,0.05,0.3
Bid,,0.75,1.75,7,0,0,
Ask,,1.7,2.65,7,0.75,0.75,
Ask,,,,6,0.3,,
Bid,,,,6,0,,
Ask,,4.9,3.5,5,0.75,,
Bid,,3.7,2.3,5,0,,
Ask,7,7,7,3,,,
Bid,5.3,5.5,5.5,3,,,
Bid,6.3,6.5,,2,,,
Ask,8,8,,2,,,
Ask,9,9,,1,,,
Bid,7.3,7.5,,1,,,
Chain,CE_2026-06-18,CE_2026-04-17,strikePrice,CE_2026-03-20,PE_2026-03-20,PE_2026-06-18
Ask,,0.75,10,0.5,3.4,
Bid,,0,10,0,1.9,
Ask,2.05,0.75,7.5,0.2,2,
Bid,0,0,7.5,0.05,0.35,
Ask,3.8,,5,3.6,0.1,0.45
Bid,0.8,,5,1.15,0,0.15
Ask,5.2,5.4,2.5,5.2,,
Bid,4,3.8,2.5,4,,
Chain,CE_2026-05-15,CE_2026-04-17,CE_2026-03-20,strikePrice,PE_2026-03-20,PE_2026-04-17,PE_2026-05-15
Bid,0,0,0,10,,,5.8
Ask,0.25,0.15,0.05,10,,,6.5
Ask,0.25,0.05,0.05,7.5,,3.9,
Bid,0,0,0,7.5,,3.5,
Ask,0.45,0.15,0.05,5.5,1.9,2.2,
Bid,0.1,0.05,0,5.5,1.25,1.6,
Ask,0.35,0.2,0.05,5,1.4,1.45,1.55
Bid,0.15,0.15,0,5,1.1,1.05,1.3
Ask,0.45,0.25,0.05,4.5,1,1.05,1.3
Bid,0.25,0.1,0,4.5,0.6,0.75,0.7
Ask,0.65,0.4,0.2,4,0.5,0.7,0.95
Bid,0.4,0.25,0.1,4,0.25,0.45,0.4
Ask,1,0.9,0.5,3.5,0.2,0.35,0.55
Bid,0.55,0.45,0.25,3.5,0.05,0.05,0.3
Ask,1.15,1.2,1,3,0.2,0.2,
Bid,0.95,0.6,0.65,3,0,0.05,
Ask,1.7,1.45,1.55,2.5,0.05,0.25,0.2
Bid,1.1,1.1,1.15,2.5,0,0,0.05
Ask,,2.25,,2,,,
Bid,,1.6,,2,,,
Chain,CE_2026-06-18,CE_2026-04-17,CE_2026-03-20,strikePrice,PE_2026-03-20,PE_2026-04-17,PE_2026-06-18
Ask,0.15,,0.05,7.5,5.9,,5.9
Bid,0,,0,7.5,4.9,,4.9
Ask,0.1,0.05,0.05,5,3.4,,3.5
Bid,0,0,0,5,2.5,,2.6
Ask,0.5,0.15,0.05,2.5,0.55,0.9,0.9
Bid,0.2,0.05,0,2.5,0.25,0.15,0.35
Ask,0.55,,0.35,2,0.4,,0.6
Bid,0.35,,0,2,0,,0.3
Ask,1,,0.95,1.5,0.5,,0.3
Bid,0.4,,0.2,1.5,0,,0.0
Ask,1.45,,1.45,1,,,
Bid,0.7,,0.7,1,,,
Ask,1.95,,1.95,0.5,,,
Bid,1.2,,1.2,0.5,,,
Chain,CE_2026-07-17,CE_2026-04-17,strikePrice,PE_2026-03-20,PE_2026-04-17
Ask,,0.25,12.5,,
Bid,,0,12.5,,
Ask,,0.65,10,,
Bid,,0,10,,
Ask,0.8,0.5,7.5,1.5,3.4
Bid,0.3,0,7.5,0.9,0.9
Ask,,1.9,5,,
Bid,,0.95,5,,
Chain,CE_2026-05-15,CE_2026-04-17,CE_2026-03-20,strikePrice,PE_2026-03-20,PE_2026-04-17,PE_2026-05-15
Bid,,,0,25,,,
Ask,,,0.75,25,,,
Ask,,,0.1,22.5,17.3,,
Bid,,,0,22.5,13.9,,
Ask,,,0.05,20,14.5,,
Bid,,,0,20,10.9,,
Ask,,,0.05,17.5,12.5,,
Bid,,,0,17.5,8.9,,
Ask,,0.4,0.05,15,8.9,9.7,
Bid,,0,0,15,6.2,6.1,
Ask,2.25,,0.05,12.5,6.5,7.4,7.7
Bid,0,,0,12.5,3.6,3.7,3.7
Ask,0.8,0.65,0.2,10,2.95,3.7,5.4
Bid,0.5,0.05,0.1,10,1.8,2.55,1.65
Ask,1.4,1.25,0.6,7.5,0.45,2.15,3.4
Bid,0.55,0.45,0.1,7.5,0.3,0.5,0.05
Ask,4.6,4.4,3.2,5,0.05,0.25,
Bid,1.05,1.35,2.3,5,0,0,
Ask,,,9.5,2.5,,0.75,0.05
Bid,,,5,2.5,,0,0.0
Chain,CE_2026-07-17,CE_2026-04-17,CE_2026-03-20,strikePrice,PE_2026-03-20,PE_2026-04-17,PE_2026-07-17
Ask,,0.05,,12.5,,,7.3
Bid,,0,,12.5,,,4.4
Ask,2.15,1.9,0.25,10,4.2,4.2,5.5
Bid,0,0,0,10,1.9,1.7,2.45
Ask,0.5,0.2,1.1,7.5,1.4,1.25,2.7
Bid,0,0.05,0,7.5,0,0.1,0.1
Ask,2.9,2.45,2.9,5,,0.75,
Bid,1.25,2,1.1,5,,0,
Ask,5.7,5.7,,2.5,,,
Bid,2.9,2.9,,2.5,,,
Chain,CE_2026-07-17,CE_2026-04-17,CE_2026-03-20,strikePrice,PE_2026-03-20,PE_2026-04-17,PE_2026-07-17
Ask,0.75,,0.75,15,,,
Bid,0,,0,15,,,
Ask,0.75,0.75,0.15,12.5,4.7,4.9,5.0
Bid,0,0,0,12.5,3.6,3.7,3.9
Ask,1.65,0.25,0.05,10,2.2,2.3,3.6
Bid,0.1,0,0,10,1.6,1.55,0.6
Ask,2.15,2.4,1.25,7.5,0.5,0.7,
Bid,0.85,0.7,0.4,7.5,0,0.25,
Ask,,4.8,,5,,0.75,
Bid,,3.7,,5,,0,
Ask,,10.7,,2.5,,,
Bid,,8.3,,2.5,,,
Chain,CE_2026-06-18,CE_2026-04-17,CE_2026-03-20,strikePrice,PE_2026-03-20,PE_2026-04-17,PE_2026-06-18
Ask,0.5,,0.05,7.5,4.8,,
Bid,0,,0,7.5,0,,
Ask,,1.75,1.5,5,0.9,,0.25
Bid,,0,0.1,5,0,,0.1
Ask,,,5.2,2.5,0.05,0.05,
Bid,,,2.65,2.5,0,0,
Chain,CE_2026-07-17,CE_2026-04-17,CE_2026-03-20,strikePrice,PE_2026-03-20,PE_2026-04-17,PE_2026-07-17
Ask,0.05,0.05,0.05,5,2.45,2.4,3.9
Bid,0,0,0,5,1.75,1.75,1.75
Ask,0.5,0.5,0.75,2.5,0.05,0.05,0.1
Bid,0.35,0.3,0.1,2.5,0,0,0.05
Ask,1.2,1.25,,2,,0.05,0.05
Bid,0.55,0.55,,2,,0,0.0
Ask,,1.75,,1.5,,,
Bid,,1,,1.5,,,
Ask,2.45,2.25,,1,,,
Bid,1.5,1.5,,1,,,
Ask,2.7,2.75,,0.5,,,
Bid,1.95,2.05,,0.5,,,
Chain,CE_2026-06-18,CE_2026-04-17,strikePrice,CE_2026-03-20,PE_2026-03-20,PE_2026-06-18
Ask,0.05,0.65,7.5,0.65,5.7,
Bid,0,0,7.5,0,4.7,
Ask,0.1,,5,0.05,3.2,3.0
Bid,0,,5,0,2.2,2.7
Ask,0.25,0.2,2.5,0.05,0.3,0.75
Bid,0,0,2.5,0,0,0.0
Chain,CE_2026-06-18,CE_2026-04-17,CE_2026-03-20,strikePrice,PE_2026-03-20,PE_2026-04-17,PE_2026-06-18
Bid,,,,6,,,1.95
Ask,,,,6,,,2.8
Ask,0.05,0.05,0.2,5.5,,,
Bid,0,0,0,5.5,,,
Bid,0,,0,5,,,
Ask,0.05,,0.05,5,,,
Ask,0.05,0.05,0.05,4.5,1.15,,1.2
Bid,0,0,0,4.5,0.45,,0.5
Ask,0.15,0.05,0.05,4,1.15,0.7,0.85
Bid,0.1,0,0,4,0.4,0.35,0.35
Bid,0.25,0.15,0.1,3.5,0.05,0.15,0.25
Ask,0.35,0.2,0.15,3.5,0.1,0.2,0.3
Ask,1.1,1.1,0.65,3,0.05,,0.1
Bid,0.4,0.4,0.45,3,0,,0.05
Ask,1.55,,1.55,2.5,0.05,,0.05
Bid,0.7,,0.85,2.5,0,,0.0
Ask,,,2.05,2,0.6,,
Bid,,,1.35,2,0,,
Ask,2.55,,,1.5,,,
Bid,1.65,,,1.5,,,
Bid,,2.1,2.1,1,,,
Ask,,3.3,3.3,1,,,
Ask,,,3.8,0.5,,,
Bid,,,2.6,0.5,,,
Chain,CE_2026-06-18,CE_2026-04-17,CE_2026-03-20,strikePrice,PE_2026-03-20,PE_2026-04-17,PE_2026-06-18
Bid,,,0,25,10.7,,
Ask,,,0.75,25,13,,
Bid,,,0,20,10.2,,
Ask,,,0.75,20,12.4,,
Ask,,,0.2,17.5,5.9,,
Bid,,,0,17.5,4.5,,
Ask,0.55,,0.05,15,6.8,,
Bid,0,,0,15,5.4,,
Ask,0.4,,0.25,12.5,4.2,,4.5
Bid,0.05,,0,12.5,3,,3.2
Ask,0.75,0.4,0.05,10,1.35,1.5,2.0
Bid,0.1,0.1,0,10,1.15,1.1,1.4
Ask,2.1,,2.4,7.5,0.1,,0.65
Bid,1.35,,1,7.5,0,,0.1
Ask,,,4.5,5,0.95,,
Bid,,,3.3,5,0,,
Ask,8.5,,9.5,2.5,,,
Bid,6.7,,7.6,2.5,,,
Chain,CE_2026-05-15,CE_2026-04-17,CE_2026-03-20,strikePrice,PE_2026-03-20,PE_2026-04-17,PE_2026-05-15
Bid,,,,25,16.3,,
Ask,,,,25,17.3,,
Ask,,,,22,14.3,,
Bid,,,,22,13.5,,
Ask,0.35,,,21,,,
Bid,0,,,21,,,
Ask,0.35,,,19,,,
Bid,0,,,19,,,
Bid,0,,0,18,,,
Ask,0.25,,0.05,18,,,
Bid,0,,0,17,,,
Ask,0.35,,0.05,17,,,
Ask,0.05,0.35,0.05,16,8.1,,
Bid,0,0,0,16,7.5,,
Ask,0.35,,0.05,15,7.1,,7.2
Bid,0,,0,15,6.5,,6.3
Ask,0.3,,0.05,14,6.2,,6.1
Bid,0,,0,14,5.3,,5.3
Ask,0.2,0.15,0.05,13,5.2,,5.0
Bid,0.05,0,0,13,4.5,,4.5
Ask,0.35,0.1,0.1,12,4.1,4.1,4.1
Bid,0.05,0,0,12,3.4,3.5,3.6
Ask,0.3,0.15,0.2,11,3.1,,3.2
Bid,0.2,0.05,0,11,2.6,,2.7
Ask,0.45,0.25,0.15,10,1.95,2.05,2.3
Bid,0.4,0.15,0,10,1.35,1.65,1.8
Bid,0.6,0.35,0.05,9,0.75,0.95,1.3
Ask,0.8,0.5,0.15,9,0.95,1.25,1.45
Ask,1.2,,0.55,8,0.25,0.55,0.85
Bid,1,,0.4,8,0.2,0.4,0.75
Bid,4.3,,1.15,7,0,,0.35
Ask,5.2,,1.55,7,0.15,,0.5
Bid,2.35,,1.9,6,0,0.05,0.05
Ask,2.8,,2.6,6,0.3,0.3,0.75
Bid,3.1,,,5,0,,0.0
Ask,3.7,,,5,0.35,,0.7
Ask,,,7.4,4,,,0.65
Bid,,,6.3,4,,,0.0
Bid,,,6.5,2,,,
Ask,,,7.3,2,,,
Ask,,,7.7,1,,,
Bid,,,6.9,1,,,
Chain,CE_2026-05-15,CE_2026-04-17,CE_2026-03-20,strikePrice,PE_2026-03-20,PE_2026-04-17,PE_2026-05-15
Bid,0,,0,15,,,
Ask,0.75,,0.3,15,,,
Ask,0.1,,0.2,14,3.7,,
Bid,0,,0,14,1.75,,
Bid,0,,0,13,3.3,,
Ask,0.1,,0.05,13,3.9,,
Ask,0.1,,0.05,12,2.65,,3.5
Bid,0,,0,12,1.95,,1.3
Ask,0.1,0.05,0.05,11,1.65,2.05,2.35
Bid,0.05,0,0,11,1.45,1.15,1.05
Bid,0.15,0,0,10,0.55,0.75,0.9
Ask,0.3,0.15,0.05,10,0.6,1,1.0
Ask,0.8,0.7,0.6,9,0.1,0.3,0.45
Bid,0.45,0.55,0.5,9,0,0.2,0.35
Ask,3.2,,1.65,8,0.25,0.1,0.2
Bid,0.5,,1.4,8,0,0.05,0.1
Ask,,,,7,,,0.75
Bid,,,,7,,,0.0
Ask,,,6.8,5,,,
Bid,,,5.2,5,,,
Bid,6.5,,,4,,,
Ask,8,,,4,,,
Ask,9.6,,7.5,3,,,
Bid,6.6,,6,3,,,
Chain,CE_2026-05-15,CE_2026-04-17,strikePrice,CE_2026-03-20,PE_2026-03-20
Ask,,0.75,7.5,0.05,
Bid,,0,7.5,0,
Ask,0.75,0.65,5,0.35,0.75
Bid,0,0,5,0,0.0
Ask,2.65,,2.5,3.3,0.05
Bid,2.4,,2.5,1.75,0.0
Chain,CE_2026-07-17,CE_2026-04-17,strikePrice,CE_2026-03-20,PE_2026-07-17
Ask,0.75,0.1,10,,
Bid,0,0,10,,
Ask,0.4,0.15,7.5,0.85,
Bid,0,0,7.5,0,
Ask,1.8,1.7,5,1.7,0.5
Bid,1.05,0.9,5,0.2,0.0
Ask,6.5,4.9,2.5,,
Bid,2.05,2.7,2.5,,
Chain,CE_2026-08-21,CE_2026-05-15,strikePrice,CE_2026-03-20,PE_2026-03-20
Ask,,0.2,7.5,,
Bid,,0,7.5,,
Ask,0.3,0.15,5,0.05,
Bid,0.05,0,5,0,
Ask,3.5,2.65,2.5,,0.05
Bid,0,0.35,2.5,,0.0
Chain,CE_2026-05-15,CE_2026-04-17,CE_2026-03-20,strikePrice,PE_2026-03-20,PE_2026-04-17,PE_2026-05-15
Bid,0,,,17,,,
Ask,0.75,,,17,,,
Ask,0.05,,,15,,,
Bid,0,,,15,,,
Ask,0.1,,,14,,,
Bid,0,,,14,,,
Ask,0.05,,,12,,,
Bid,0,,,12,,,
Bid,0,,0,11,4,,
Ask,0.05,,0.05,11,5.2,,
Ask,0.05,,0.05,10,,,2.8
Bid,0,,0,10,,,1.4
Bid,0,0,0,9,2.25,2.25,2.25
Ask,0.15,0.75,0.05,9,3,3,3.0
Bid,0.05,0,0,8,1.25,1.25,1.4
Ask,0.15,0.1,0.05,8,1.95,1.95,2.0
Bid,0.2,0.05,0,7,0.55,0.6,0.7
Ask,0.3,0.15,0.05,7,0.85,0.8,0.85
Bid,0.65,0.55,0.1,6,0,0.1,0.2
Ask,0.75,0.65,0.8,6,0.1,0.2,0.3
Bid,1.2,,1.1,5,,,
Ask,2.25,,1.95,5,,,
Bid,3.6,,2,4,,,
Ask,4.8,,2.75,4,,,
Ask,3.9,,,3,,,
Bid,2.8,,,3,,,
Bid,3.8,,,2,,,
Ask,5,,,2,,,
Ask,,6,6,1,,,
Bid,,4.8,4.8,1,,,
Chain,CE_2026-07-17,CE_2026-04-17,CE_2026-03-20,strikePrice,PE_2026-03-20,PE_2026-04-17,PE_2026-07-17
Ask,0.75,0.1,0.75,12.5,,,
Bid,0,0,0,12.5,,,
Ask,0.05,0.05,0.05,10,,4.3,
Bid,0,0,0,10,,2.9,
Ask,0.15,0.05,0.05,7.5,1.75,1.6,1.8
Bid,0.05,0,0,7.5,0.65,0.7,0.9
Ask,1.95,1.5,1.45,5,0.05,0.05,0.75
Bid,0.85,1.1,0.85,5,0,0,0.0
Ask,4.4,4.4,,2.5,,,
Bid,3.3,3.3,,2.5,,,
Chain,CE_2026-06-18,CE_2026-04-17,CE_2026-03-20,strikePrice,PE_2026-03-20,PE_2026-04-17,PE_2026-06-18
Bid,,,,17,,,7.6
Ask,,,,17,,,10.6
Ask,,,,16,,,9.2
Bid,,,,16,,,6.6
Ask,,,,15,7.6,,8.6
Bid,,,,15,6.1,,5.6
Ask,,,,14,6.6,,6.6
Bid,,,,14,5.1,,5.1
Ask,,,0.3,13,5.5,,5.5
Bid,,,0,13,4.3,,4.3
Ask,,,0.75,12,4.5,,4.5
Bid,,,0,12,3.3,,3.3
Bid,0,,0,11,2.3,,2.3
Ask,0.75,,0.4,11,3.5,,3.5
Ask,0.15,,0.05,10,2.05,,
Bid,0.05,,0,10,1.35,,
Ask,0.45,0.2,0.1,9,2,,1.4
Bid,0.1,0,0,9,0.75,,0.7
Ask,1.2,0.75,0.15,8,0.35,0.75,0.6
Bid,0.3,0.2,0.1,8,0,0,0.45
Bid,0.8,0.8,0.8,7,0,,0.0
Ask,2.85,1.55,1.5,7,0.15,,0.75
Bid,1.8,1.75,1.8,6,,0,
Ask,3.4,2.5,2.5,6,,0.75,
Bid,2.6,2.5,2.6,5,,,
Ask,3.8,3.7,3.7,5,,,
Bid,3.6,,3.6,4,0,,
Ask,4.8,,4.7,4,0.75,,
Ask,5.7,,5.7,3,,,
Bid,4.6,,4.6,3,,,
Bid,5.4,,5.4,2,,,
Ask,6.9,,6.9,2,,,
Ask,7.9,,7.9,1,,,
Bid,6.4,,6.4,1,,,
Chain,CE_2026-05-15,CE_2026-04-17,CE_2026-03-20,strikePrice,PE_2026-03-20,PE_2026-04-17,PE_2026-05-15
Bid,,0,,17,,,
Ask,,0.1,,17,,,
Ask,0.25,,0.25,16,,,
Bid,0,,0,16,,,
Ask,0.2,0.25,0.25,15,,,7.6
Bid,0,0,0,15,,,6.1
Ask,0.25,0.25,,14,,,
Bid,0,0,,14,,,
Ask,0.15,,,13,,,4.2
Bid,0,,,13,,,3.1
Ask,0.1,0.1,0.05,12,,,2.95
Bid,0.05,0,0,12,,,2.3
Bid,0.1,0,0,11,1.15,1.3,1.4
Ask,0.2,0.1,0.05,11,1.8,1.85,1.9
Ask,0.45,0.25,0.1,10,0.85,0.9,1.05
Bid,0.35,0.2,0.05,10,0.6,0.7,0.9
Bid,0.7,0.55,0.5,9,0.05,0.2,0.4
Ask,0.9,0.7,0.6,9,0.1,0.35,0.5
Bid,1.4,1.15,1.3,8,0,0.05,0.1
Ask,1.95,1.95,1.8,8,0.05,0.15,0.25
Bid,2.2,2.2,2.3,7,0,,0.0
Ask,2.95,2.95,2.95,7,0.15,,0.25
Bid,3.2,3.2,,6,,,0.0
Ask,4,4,,6,,,0.25
Bid,,4.2,4.2,5,,,0.0
Ask,,5,5,5,,,0.3
Ask,7,7,,3,,,
Bid,6.2,6.2,,3,,,
Bid,7.2,,7.2,2,,,
Ask,8,,8,2,,,
Ask,9,,,1,,,
Bid,8.2,,,1,,,
Chain,CE_2026-09-18,CE_2026-06-18,strikePrice,CE_2026-03-20,PE_2026-03-20,PE_2026-09-18
Ask,,0.75,15,,,10.1
Bid,,0,15,,,8.6
Ask,,,10,0.05,,
Bid,,,10,0,,
Ask,0.75,,7.5,0.75,2.35,
Bid,0,,7.5,0,1.65,
Ask,,1.25,5,0.95,0.75,2.05
Bid,,0.55,5,0.3,0,0.05
Ask,3.8,3.7,2.5,6.1,,
Bid,2.6,2.5,2.5,5.3,,
Chain,CE_2026-07-17,CE_2026-04-17,CE_2026-03-20,strikePrice,PE_2026-03-20,PE_2026-04-17,PE_2026-07-17
Ask,0.15,,,15,9,,
Bid,0,,,15,6.1,,
Ask,3.4,0.75,,12.5,,,
Bid,0,0,,12.5,,,
Ask,0.05,0.05,0.05,10,2.2,3.4,4.1
Bid,0,0,0,10,1.45,2.3,0.0
Ask,1.2,1.1,0.8,7.5,0.05,0.1,0.1
Bid,0,0.4,0.3,7.5,0,0,0.0
Ask,5.3,5.3,,5,0.05,0.75,0.75
Bid,2.6,2.25,,5,0,0,0.0
Ask,7.8,7.8,,2.5,,,
Bid,3.9,4.6,,2.5,,,
Chain,CE_2026-07-17,CE_2026-04-17,CE_2026-03-20,strikePrice,PE_2026-03-20,PE_2026-04-17,PE_2026-07-17
Ask,0.1,0.1,,7.5,,,
Bid,0,0,,7.5,,,
Ask,0.2,0.1,0.05,5,1.25,2.3,1.4
Bid,0.05,0.05,0,5,0.5,0.05,0.65
Ask,3.1,1.7,2,2.5,0.05,0.3,0.05
Bid,1.25,1.15,1.25,2.5,0,0,0.0
Chain,CE_2026-07-17,CE_2026-04-17,CE_2026-03-20,strikePrice,PE_2026-03-20,PE_2026-04-17,PE_2026-07-17
Bid,0,,,35,,,24.7
Ask,0.75,,,35,,,28.2
Ask,0.75,0.6,,30,,,
Bid,0,0,,30,,,
Bid,0.1,0,,25,,,15.0
Ask,0.4,0.15,,25,,,18.0
Ask,0.7,0.75,,22.5,,,11.4
Bid,0,0,,22.5,,,9.7
Ask,0.75,0.2,0.75,20,,,13.1
Bid,0,0,0,20,,,10.1
Bid,0.15,0,0,17.5,6.7,8,8.2
Ask,0.75,0.25,0.15,17.5,9.6,10.5,11.0
Ask,0.8,0.15,0.2,15,8.2,7.1,8.0
Bid,0.3,0,0,15,5.5,5.5,5.7
Ask,1.25,0.4,0.2,12.5,5.8,6,4.9
Bid,0.7,0,0,12.5,3.1,3.3,4.0
Ask,2.05,0.8,0.4,10,1.4,2.2,4.7
Bid,1.05,0.75,0.1,10,0.8,1.6,1.8
Ask,3.1,2.3,2,7.5,0.2,0.6,1.2
Bid,1.8,1.55,1.15,7.5,0,0.3,0.05
Bid,3.6,3.3,,5,,,0.2
Ask,4.5,4.5,,5,,,0.45
Ask,8.6,,,2.5,,,
Bid,5.6,,,2.5,,,
Chain,CE_2026-05-15,CE_2026-04-17,CE_2026-03-20,strikePrice,PE_2026-03-20,PE_2026-04-17,PE_2026-05-15
Bid,0,,,13,,,
Ask,0.75,,,13,,,
Ask,0.75,,,12,,,
Bid,0,,,12,,,
Ask,0.75,,1.2,11,,,
Bid,0,,0,11,,,
Ask,0.75,1.45,0.65,10,2.75,,1.7
Bid,0,0,0,10,0.2,,1.3
Ask,0.75,1.6,1.2,9,2.5,2.6,3.2
Bid,0,0,0,9,0.95,0.05,1.2
Ask,1.05,,0.75,8,0.4,0.9,1.15
Bid,0,,0,8,0.1,0.25,0.1
Ask,1.6,,,7,,,0.75
Bid,0.85,,,7,,,0.0
Ask,4,,,6,,,
Bid,1,,,6,,,
Ask,5,,,5,,,
Bid,3.9,,,5,,,
Ask,5.5,,,3,,,
Bid,4.3,,,3,,,
Chain,CE_2026-06-18,CE_2026-04-17,CE_2026-03-20,strikePrice,PE_2026-03-20,PE_2026-04-17,PE_2026-06-18
Bid,,,0,17,,,
Ask,,,0.1,17,,,
Ask,,0,0.15,15,,,
Bid,,0,0,15,,,
Ask,2.75,,0.55,13,,,
Bid,0,,0,13,,,
Ask,,0,,12.5,,,
Bid,,0,,12.5,,,
Ask,4.8,,0.05,12,,,
Bid,0,,0,12,,,
Ask,0.6,0.35,0.05,11,,,
Bid,0.15,0,0,11,,,
Bid,0.2,0.05,0.05,10,0.1,0.1,
Ask,0.5,0.15,0.1,10,4.9,3.3,
Ask,0.8,0.45,0.2,9,1.4,1.65,4.2
Bid,0.45,0.3,0.1,9,0.65,0.85,0.0
Ask,1.75,0.95,1,8,0.25,0.5,2.55
Bid,0.8,0.5,0.4,8,0.15,0.25,0.0
Ask,,0,,7.5,,,
Bid,,0,,7.5,,,
Bid,1,0.1,0.6,7,0,0,0.0
Ask,2.65,3.2,1.9,7,0.15,0.5,1.45
Bid,0.5,,0.2,6,0,,0.0
Ask,4.9,,4.9,6,0.15,,1.3
Bid,1.7,,1.3,5,0,,
Ask,4.8,,4.1,5,0.1,,
Bid,2.2,,2.2,4,,,
Ask,7,,6.5,4,,,
Ask,,,,3,0.8,,
Bid,,,,3,0,,
Bid,,,5,2,,,
Ask,,,6.1,2,,,
Ask,9.5,,8.2,1,,,
Bid,4.8,,3.6,1,,,
Chain,CE_2026-07-17,CE_2026-04-17,CE_2026-03-20,strikePrice,PE_2026-03-20,PE_2026-04-17,PE_2026-07-17
Ask,0.1,0.1,,12.5,,,
Bid,0,0,,12.5,,,
Ask,0.35,0.15,0.05,10,0.65,0.85,1.15
Bid,0.2,0,0,10,0.45,0.65,0.95
Ask,2.1,2.1,,7.5,,0.1,0.2
Bid,1.55,1.8,,7.5,,0,0.05
Ask,5.7,5.2,,5,,,
Bid,4.4,4,,5,,,
Ask,,8.5,7.3,2.5,,,
Bid,,6.5,6.6,2.5,,,
Chain,CE_2026-06-18,CE_2026-04-17,strikePrice,CE_2026-03-20,PE_2026-03-20,PE_2026-06-18
Ask,1,,15,1.3,,
Bid,0,,15,0,,
Ask,,1,12.5,1,,
Bid,,0,12.5,0,,
Ask,0.45,1.05,10,1,,1.2
Bid,0,0,10,0,,0.95
Ask,3.6,,7.5,2.05,0.9,
Bid,0.4,,7.5,1.55,0,
Ask,5.9,,5,5.4,,
Bid,2.8,,5,2.9,,
Chain,CE_2026-06-18,CE_2026-04-17,CE_2026-03-20,strikePrice,PE_2026-03-20,PE_2026-04-17,PE_2026-06-18
Bid,0,,0,25,10.6,,
Ask,0.2,,0.1,25,14.7,,
Ask,0.75,,1.95,22.5,,,
Bid,0,,0,22.5,,,
Ask,0.6,,0.1,20,,,
Bid,0,,0,20,,,
Ask,0.2,,0.05,17.5,,,
Bid,0,,0,17.5,,,
Ask,0.2,,0.05,15,8.4,,
Bid,0,,0,15,6.9,,
Ask,0.3,,0.15,12.5,5.7,,6.7
Bid,0.05,,0,12.5,4.6,,4.1
Ask,0.35,0.05,0.05,10,3.2,3.3,4.0
Bid,0.2,0,0,10,2.1,2.1,1.5
Ask,1.1,0.8,0.3,7.5,0.95,1.55,1.5
Bid,0.8,0.35,0.15,7.5,0,0.6,1.0
Ask,3.8,,2.95,5,,,
Bid,1.3,,1.8,5,,,
Ask,,,8.5,2.5,,,
Bid,,,5.1,2.5,,,
Chain,CE_2026-06-18,CE_2026-04-17,strikePrice,CE_2026-03-20,PE_2026-03-20,PE_2026-06-18
Ask,0.35,,17.5,,,
Bid,0,,17.5,,,
Ask,0.4,,12.5,0.65,,
Bid,0,,12.5,0,,
Ask,1.55,0.75,10,0.1,1.35,2.4
Bid,0,0,10,0,0.75,0.05
Ask,3.2,,7.5,2,,
Bid,1.1,,7.5,1.25,,
Chain,CE_2026-05-15,CE_2026-04-17,CE_2026-03-20,strikePrice,PE_2026-03-20,PE_2026-04-17,PE_2026-05-15
Bid,,0,0,25,,,
Ask,,0.75,1.55,25,,,
Bid,,0,,22.5,,,
Ask,,1,,22.5,,,
Ask,0.75,0.75,,20,,11.1,
Bid,0,0,,20,,7.3,
Ask,0.75,0.05,0.05,17.5,,,6.9
Bid,0,0,0,17.5,,,4.0
Ask,0.75,0.05,0.2,15,6.3,8.2,
Bid,0,0,0,15,5,5.4,
Ask,0.15,0.05,0.1,12.5,5.4,6.7,5.5
Bid,0,0,0,12.5,4,4.1,4.1
Ask,0.3,0.1,0.2,10,2.5,4.2,4.4
Bid,0.1,0,0,10,1.8,2,0.85
Ask,1.25,1.8,0.65,7.5,0.45,0.4,0.65
Bid,0.85,0.6,0.45,7.5,0,0.35,0.5
Ask,3.6,3.5,5.2,5,0.75,,
Bid,2.4,2.4,4,5,0,,
Chain,CE_2026-05-15,CE_2026-04-17,CE_2026-03-20,strikePrice,PE_2026-03-20,PE_2026-04-17,PE_2026-05-15
Bid,0,,,13,,,
Ask,0.75,,,13,,,
Ask,0.75,,,12,,,
Bid,0,,,12,,,
Ask,0.6,,0.75,10,,,
Bid,0,,0,10,,,
Ask,1.15,,0.75,9,,,
Bid,0,,0,9,,,
Ask,0.75,,0.75,8,,,2.65
Bid,0,,0,8,,,1.75
Ask,0.5,1,0.1,7,3.6,,2.15
Bid,0.1,0,0,7,2,,1.2
Ask,0.4,0.2,0.2,6,2.35,,2.65
Bid,0.15,0.1,0.05,6,1.25,,1.55
Ask,1.25,0.45,0.3,5,0.7,1.2,1.05
Bid,0.15,0.25,0,5,0.55,0.65,0.7
Ask,4,,2.5,4,1.35,0.4,0.55
Bid,0.55,,0.25,4,0,0,0.05
Ask,2.55,2.3,2.3,3,,,
Bid,1.25,1.25,1.2,3,,,
Chain,CE_2026-07-17,CE_2026-04-17,CE_2026-03-20,strikePrice,PE_2026-03-20,PE_2026-04-17,PE_2026-07-17
Ask,,0.75,,12.5,,,
Bid,,0,,12.5,,,
Ask,4,0.7,0.1,10,2.3,3.7,3.6
Bid,0.05,0,0,10,1.55,1.15,0.0
Ask,,1.1,,7.5,0.4,0.95,0.95
Bid,,0.6,,7.5,0,0,0.0
Chain,CE_2026-06-18,CE_2026-04-17,CE_2026-03-20,strikePrice,PE_2026-03-20,PE_2026-04-17,PE_2026-06-18
Bid,0,,0,17.5,,,
Ask,0.8,,4.8,17.5,,,
Ask,0.75,,0.05,15,11.4,,
Bid,0,,0,15,7.5,,
Bid,0,,0,12.5,2,,
Ask,0.95,,0.65,12.5,4.8,,
Ask,0.6,,0.2,10,6.3,,6.4
Bid,0,,0,10,4.7,,4.8
Ask,0.45,0.1,0.05,7.5,3.6,,3.7
Bid,0,0,0,7.5,2.4,,2.6
Bid,0.6,0.05,0.15,5,0.55,0.65,0.95
Ask,1.4,0.4,0.2,5,0.75,1.2,1.2
Ask,4.9,2.95,2.2,2.5,0.1,,0.15
Bid,0.1,1.65,0.05,2.5,0,,0.0
Ask,,,3.1,2,0.75,,
Bid,,,1.8,2,0,,
Ask,,,9.5,1.5,,,
Bid,,,4.6,1.5,,,
Bid,,,2.5,1,,,
Ask,,,4.3,1,,,
Ask,,,10.5,0.5,1,,
Bid,,,5.6,0.5,0,,
Chain,CE_2026-06-18,CE_2026-04-17,CE_2026-03-20,strikePrice,PE_2026-03-20,PE_2026-04-17,PE_2026-06-18
Ask,,1,,17.5,,,
Bid,,0,,17.5,,,
Ask,,,1.2,15,,,
Bid,,,0,15,,,
Ask,1.2,,1.2,12.5,,,
Bid,0,,0,12.5,,,
Ask,1,,0.3,10,2.1,,3.5
Bid,0.6,,0,10,0.8,,1.95
Ask,3.2,2.35,1.5,7.5,1,,0.85
Bid,0.85,0.65,0.8,7.5,0,,0.35
Ask,7.4,,4.6,5,1.2,,1.2
Bid,3.2,,3.1,5,0,,0.0
Ask,,,7.2,2.5,0.05,1,
Bid,,,5.6,2.5,0,0,
Chain,CE_2026-06-18,CE_2026-04-17,strikePrice,CE_2026-03-20,PE_2026-03-20,PE_2026-06-18
Ask,,,15,0.75,,
Bid,,,15,0,,
Ask,,,12.5,0.75,6,
Bid,,,12.5,0,4.8,
Ask,0.55,0.75,10,0.25,3.4,3.9
Bid,0.2,0,10,0.05,2.4,2.8
Ask,1.5,0.9,7.5,0.7,1.15,1.85
Bid,0.6,0.15,7.5,0,0.65,0.95
Ask,2.9,,5,3.9,0.55,0.75
Bid,2.05,,5,2.7,0,0.0
Ask,,,2.5,7.3,,
Bid,,,2.5,5.9,,
Chain,CE_2026-07-17,CE_2026-04-17,CE_2026-03-20,strikePrice,PE_2026-03-20,PE_2026-04-17,PE_2026-07-17
Ask,0.6,,,10,,,
Bid,0,,,10,,,
Ask,0.35,0.1,0.3,7.5,1.85,1.95,2.0
Bid,0.15,0,0,7.5,1.45,1,1.75
Ask,3.7,1.6,,5,,0.15,2.25
Bid,0.1,0.65,,5,,0.1,0.0
Ask,5.2,5.5,,2.5,,1.95,
Bid,4,2.05,,2.5,,0,
Chain,CE_2026-07-17,CE_2026-04-17,CE_2026-03-20,strikePrice,PE_2026-03-20,PE_2026-04-17,PE_2026-07-17
Ask,0.2,0.1,0.05,10,6.5,6.6,6.8
Bid,0,0,0,10,5.6,6,6.1
Ask,0.15,,,9,,,
Bid,0.05,,,9,,,
Ask,0.15,0.05,0.05,7.5,4.1,4.1,4.1
Bid,0.1,0,0,7.5,3.5,3.5,3.8
Ask,0.3,0.1,0.15,6,2.7,,
Bid,0.15,0,0,6,2.05,,
Ask,0.5,0.1,0.05,5,1.6,1.6,1.8
Bid,0.35,0.05,0,5,1.3,1.4,1.55
Ask,0.65,0.25,0.15,4,0.65,0.8,1.05
Bid,0.5,0.2,0.05,4,0.45,0.6,0.9
Ask,1.4,1.2,1.25,2.5,0.05,0.1,0.3
Bid,1.2,1.1,0.9,2.5,0,0.05,0.05
Ask,2.95,2.95,,1,0.05,,
Bid,2.2,2.25,,1,0,,
Chain,CE_2026-07-17,CE_2026-04-17,CE_2026-03-20,strikePrice,PE_2026-03-20,PE_2026-04-17,PE_2026-07-17
Bid,,0,,25,,,
Ask,,0.3,,25,,,
Ask,,0.35,,22.5,,11.1,
Bid,,0,,22.5,,8.3,
Ask,,0.35,,20,,7.4,
Bid,,0,,20,,5.4,
Ask,,0.7,,17.5,,,
Bid,,0,,17.5,,,
Ask,0.6,0.1,,15,,7.8,
Bid,0,0,,15,,6.3,
Ask,0.55,0.5,0.5,12.5,5.1,5.1,5.1
Bid,0,0,0,12.5,4,4,4.1
Ask,0.55,0.25,0.75,10,2.35,2.4,3.8
Bid,0.3,0,0,10,1.9,0.9,1.15
Ask,1.85,1.25,1.3,7.5,,0.5,0.95
Bid,0.1,0,0.8,7.5,,0.25,0.65
Ask,3.8,3.5,,5,,,
Bid,2.7,2.4,,5,,,
Ask,6.4,7.4,,2.5,,,
Bid,5.4,6,,2.5,,,
Chain,CE_2026-05-15,CE_2026-04-17,CE_2026-03-20,strikePrice,PE_2026-03-20,PE_2026-04-17,PE_2026-05-15
Bid,0,,0,30,,,
Ask,0.45,,0.4,30,,,
Ask,0.45,,0.45,25,,,
Bid,0,,0,25,,,
Bid,0,,0,22.5,11.3,,11.1
Ask,0.45,,0.05,22.5,12.3,,12.0
Ask,0.45,0.45,0.05,20,9.8,,6.5
Bid,0.05,0,0,20,8.8,,5.1
Ask,0.4,0.45,0.05,17.5,8.4,,7.2
Bid,0.05,0,0,17.5,7.3,,6.5
Bid,0.25,0,0,15,4.8,4.9,5.2
Ask,0.35,0.25,0.05,15,5.8,5.8,6.1
Ask,0.75,0.25,0.1,12.5,3.3,3.6,3.7
Bid,0.45,0.05,0,12.5,2.35,2.75,3.0
Ask,1.45,0.9,0.4,10,0.9,1.4,1.95
Bid,1.25,0.7,0.15,10,0.65,1,1.25
Ask,2.95,,2.6,7.5,0.05,0.45,0.65
Bid,2.2,,1.75,7.5,0,0.1,0.25
Bid,10.1,,,5,0,,0.0
Ask,12.8,,,5,0.05,,0.75
Ask,,,7.5,2.5,,,
Bid,,,6.8,2.5,,,
Chain,CE_2026-06-18,CE_2026-04-17,CE_2026-03-20,strikePrice,PE_2026-03-20,PE_2026-04-17,PE_2026-06-18
Bid,,0,,13,,,
Ask,,1.15,,13,,,
Ask,0.75,,1,12,4,,
Bid,0,,0,12,2.6,,
Ask,0.45,0.7,0.05,11,4.4,,2.9
Bid,0.3,0,0,11,1.85,,2.0
Ask,0.7,0.45,0.25,10,1.55,2.75,
Bid,0.5,0,0,10,1,1.05,
Ask,1.35,,0.25,9,0.45,1.25,1.5
Bid,0.55,,0.2,9,0.1,0.35,0.75
Ask,1.85,2.25,1.2,8,0.4,,0.7
Bid,1.25,0.75,0.5,8,0,,0.4
Ask,2.35,,2.15,7,0.05,,0.65
Bid,1.85,,1.5,7,0,,0.05
Ask,5.1,,3,6,0.75,,0.45
Bid,2.5,,2.25,6,0,,0.05
Ask,6,,4.4,5,0.05,,0.7
Bid,3.4,,3.2,5,0,,0.0
Ask,5.3,,5.6,4,,,
Bid,4.2,,4.4,4,,,
Ask,6.5,,4.2,3,,,
Bid,5.1,,3.7,3,,,
Bid,6.3,,,2,,,
Ask,7.8,,,2,,,
Ask,,,,1,0.05,,
Bid,,,,1,0,,
Chain,CE_2026-07-17,CE_2026-04-17,strikePrice,CE_2026-03-20,PE_2026-04-17,PE_2026-07-17
Bid,,,12,,3.9,
Ask,,,12,,5.1,
Ask,,,11,,4,
Bid,,,11,,2.9,
Bid,0,,10,,,
Ask,0.65,,10,,,
Ask,0.05,0.15,9,,2.1,
Bid,0,0,9,,1.05,
Ask,0.3,0.1,8,,3.9,3.2
Bid,0,0,8,,1.2,2.35
Bid,0,0,7,,1.4,1.35
Ask,0.15,0.55,7,,2.15,2.2
Ask,0.4,0.15,6,0.15,,
Bid,0.1,0,6,0,,
Ask,0.75,1.6,5,0.55,0.35,0.55
Bid,0.3,0.05,5,0.05,0.05,0.05
Ask,,,4,,,0.3
Bid,,,4,,,0.05
Bid,1.9,,3,,,
Ask,2.7,,3,,,
Ask,4.7,,1,,,0.85
Bid,3.8,,1,,,0.0
Chain,CE_2026-06-18,CE_2026-04-17,CE_2026-03-20,strikePrice,PE_2026-03-20,PE_2026-04-17,PE_2026-06-18
Bid,,,0,40,20.6,,
Ask,,,0.75,40,23.6,,
Ask,0.8,,0.75,35,18.7,,
Bid,0,,0,35,16.1,,
Bid,0,,0,30,15.2,,
Ask,1.15,,0.05,30,17.5,,
Ask,0.8,,0.05,25,10.5,,13.0
Bid,0,,0,25,7.4,,10.7
Ask,1.5,,0.75,22.5,9.8,,
Bid,0,,0,22.5,8.3,,
Bid,0,,0,20,6,,
Ask,1,,0.75,20,7.5,,
Ask,0.15,,0.05,17.5,5.4,,6.2
Bid,0.05,,0,17.5,4.1,,4.8
Ask,1.9,,0.05,15,7.1,,7.2
Bid,0,,0,15,5.2,,5.5
Ask,0.7,0.95,0.15,12.5,4.4,4.4,4.1
Bid,0.4,0,0,12.5,2.8,3,3.6
Ask,3.5,0.65,1.15,10,1.55,2.1,2.2
Bid,0.85,0.35,0,10,0.65,1.15,1.65
Bid,2,,8.6,7.5,0,,0.4
Ask,4.7,,11.4,7.5,0.1,,2.6
Ask,,,5.1,5,0.05,,
Bid,,,3.5,5,0,,
Chain,CE_2026-06-18,CE_2026-04-17,CE_2026-03-20,strikePrice,PE_2026-03-20,PE_2026-04-17,PE_2026-06-18
Bid,,,0,18,,,
Ask,,,0.55,18,,,
Ask,0.45,,0.05,17,,,
Bid,0.25,,0,17,,,
Ask,0.55,,0.5,16,,,
Bid,0.35,,0,16,,,
Ask,0.65,,0.05,15,,,
Bid,0.4,,0,15,,,
Ask,0.7,,0.1,14,,,
Bid,0.55,,0,14,,,
Ask,0.9,,0.1,13,,,
Bid,0.65,,0.05,13,,,
Bid,0.85,0.4,0.1,12,1.85,,2.8
Ask,1.1,0.5,0.15,12,2.35,,3.2
Ask,1.3,0.8,0.25,11,1.4,,2.4
Bid,0.95,0.6,0.2,11,1.3,,2.1
Bid,1.55,0.95,0.4,10,0.55,0.8,1.6
Ask,1.7,1.15,0.5,10,0.65,1.2,1.8
Bid,1.8,1.45,0.65,9,0.05,0.5,0.95
Ask,2.2,1.6,1.05,9,0.2,0.65,1.35
Bid,2.3,2.1,1.75,8,0,0.2,0.6
Ask,2.85,2.3,2.1,8,0.05,0.3,0.9
Bid,3.1,2.8,2.7,7,0,0.05,0.3
Ask,4,3.6,3.6,7,0.05,0.2,0.5
Bid,3.9,3.4,3.7,6,0,0,0.0
Ask,5.9,5.6,5.3,6,0.05,0.2,0.35
Ask,6.8,,6.3,5,0.55,,0.75
Bid,4.8,,4.5,5,0,,0.0
Bid,2.9,,,4,,,0.0
Ask,4.1,,,4,,,0.75
Ask,,,5.9,3,,,
Bid,,,4.7,3,,,
Chain,CE_2026-05-15,CE_2026-04-17,CE_2026-03-20,strikePrice,PE_2026-03-20,PE_2026-04-17,PE_2026-05-15
Ask,2.15,,0.75,15,,,
Bid,0,,0,15,,,
Ask,1.6,,,12.5,,,
Bid,0,,,12.5,,,
Ask,0.6,0.15,0.05,10,3.3,,
Bid,0.15,0,0,10,1.2,,
Ask,3.4,1.55,2.85,7.5,0.4,0.65,1.05
Bid,0,0,0,7.5,0,0.5,0.0
Chain,CE_2026-05-15,CE_2026-04-17,CE_2026-03-20,strikePrice,PE_2026-03-20,PE_2026-04-17,PE_2026-05-15
Bid,0,,,25,,,
Ask,0.35,,,25,,,
Ask,0.6,,,22.5,,,
Bid,0,,,22.5,,,
Ask,0.6,,,20,,,
Bid,0,,,20,,,
Ask,0.6,,,17.5,,,
Bid,0,,,17.5,,,
Ask,0.75,,,15,,,6.9
Bid,0,,,15,,,5.4
Ask,0.35,,0.75,12.5,,,4.5
Bid,0.1,,0,12.5,,,3.3
Ask,1,0.65,0.75,10,1.2,,1.65
Bid,0.05,0,0,10,0.25,,0.7
Ask,3.5,,2.2,7.5,0.25,0.75,0.75
Bid,1.7,,1.45,7.5,0,0,0.0
Ask,3.7,,,5,0.35,,
Bid,2.9,,,5,0,,
Ask,,,7.5,2.5,,,
Bid,,,6,2.5,,,
Chain,CE_2026-07-17,CE_2026-04-17,CE_2026-03-20,strikePrice,PE_2026-03-20,PE_2026-04-17,PE_2026-07-17
Ask,2,,1,17.5,,,
Bid,0,,0,17.5,,,
Ask,2.1,,0.25,15,,,
Bid,0,,0,15,,,
Ask,0.75,,0.05,12.5,6.2,6.4,
Bid,0.45,,0,12.5,4.6,4.4,
Ask,1.2,0.25,0.05,10,3.7,3.8,4.1
Bid,0.5,0.15,0,10,2.2,2.15,3.2
Ask,1.7,0.55,0.3,7.5,0.9,1.3,2.05
Bid,1.2,0.5,0.15,7.5,0.05,0.8,1.65
Ask,,3.2,,5,,,
Bid,,1.7,,5,,,
Chain,CE_2026-05-15,CE_2026-04-17,strikePrice,CE_2026-03-20,PE_2026-03-20,PE_2026-05-15
Ask,0.75,0.95,15,,,
Bid,0,0,15,,,
Ask,0.75,1,12.5,0.75,,
Bid,0,0,12.5,0,,
Ask,1.6,1.2,10,0.2,2.4,3.2
Bid,0.15,0,10,0,1.05,0.95
Ask,1.9,2.1,7.5,1.55,0.5,1.05
Bid,1.45,0.35,7.5,0.85,0,0.0
Ask,3.8,,5,,0.75,2.6
Bid,3.3,,5,,0,0.45
Ask,6.9,,2.5,6.8,,
Bid,4.7,,2.5,5.6,,
Chain,CE_2026-07-17,CE_2026-04-17,strikePrice,CE_2026-03-20,PE_2026-04-17,PE_2026-07-17
Ask,,,22.5,,,15.3
Bid,,,22.5,,,13.3
Ask,,0.5,20,,,12.8
Bid,,0,20,,,10.8
Ask,0.5,0.5,17.5,,,
Bid,0,0,17.5,,,
Ask,0.5,0.2,15,0.5,,
Bid,0,0,15,0,,
Ask,,0.5,12.5,0.5,4.8,4.9
Bid,,0,12.5,0,0,3.7
Ask,1.8,,10,0.3,3.1,4.0
Bid,0,,10,0.05,0,1.45
Ask,,,7.5,1.2,,2.0
Bid,,,7.5,0.25,,0.05
Ask,6.1,,2.5,,,
Bid,5.2,,2.5,,,
Chain,CE_2026-06-18,CE_2026-04-17,CE_2026-03-20,strikePrice,PE_2026-03-20,PE_2026-04-17,PE_2026-06-18
Bid,0,,,20,,,
Ask,0.45,,,20,,,
Ask,0.45,,,17,,,
Bid,0,,,17,,,
Ask,0.45,,0.35,16,8.3,,
Bid,0,,0,16,7.3,,
Ask,0.45,0.4,0.35,15,,,
Bid,0,0,0,15,,,
Bid,0.05,0,0,14,,,5.5
Ask,0.45,0.4,0.35,14,,,6.3
Ask,0.55,,0.05,13,5.2,5.3,5.1
Bid,0.15,,0,13,4.3,4.2,4.8
Bid,0.15,0,0,12,3.3,,3.5
Ask,0.7,0.45,0.1,12,4.2,,4.5
Bid,0.35,0,0,11,2.3,,2.7
Ask,0.9,0.3,0.05,11,3.2,,3.6
Bid,0.35,0.15,0.05,10,1.3,1.5,1.85
Ask,1.1,0.2,0.1,10,2.05,2.25,2.6
Ask,1.05,0.9,0.2,9,1.25,1.65,1.95
Bid,0.9,0.15,0.05,9,0.65,0.8,1.2
Ask,1.55,1.35,0.65,8,0.75,0.7,1.3
Bid,1.25,0.6,0.25,8,0.05,0.3,0.65
Bid,1.5,,1.05,7,0,0.05,0.05
Ask,2.5,,1.6,7,0.35,0.7,0.7
Bid,2.2,,1.95,6,0,0.05,0.45
Ask,3.1,,2.75,6,0.45,0.45,1.2
Bid,3.1,,2.95,5,0,,0.05
Ask,3.9,,3.3,5,0.3,,1.2
Bid,3.8,,3.8,4,0,,0.0
Ask,4.8,,4.8,4,0.75,,0.5
Ask,9.6,,5.7,3,0.75,,
Bid,6.8,,4.8,3,0,,
Bid,7.1,,6.6,2,,,
Ask,9.1,,9,2,,,
Ask,,,7.6,1,,,
Bid,,,6.8,1,,,
Chain,CE_2026-05-15,CE_2026-04-17,CE_2026-03-20,strikePrice,PE_2026-03-20,PE_2026-04-17,PE_2026-05-15
Ask,0.4,,0.4,15,,,
Bid,0,,0,15,,,
Ask,0.4,0.25,0.05,12.5,,,6.1
Bid,0.05,0.05,0,12.5,,,5.4
Ask,0.6,0.2,0.05,10,3.6,3.7,3.9
Bid,0.25,0.15,0,10,2.65,2.95,3.0
Ask,0.85,0.9,0.2,7.5,0.95,1.5,1.8
Bid,0.75,0.3,0.15,7.5,0.75,0.95,1.4
Ask,2.3,2.3,2.3,5,0.2,0.4,0.5
Bid,1.95,1.9,1.6,5,0,0.05,0.2
Ask,4.9,4.9,4.9,2.5,0.35,,0.1
Bid,4.1,3.9,3.9,2.5,0,,0.0
Chain,CE_2026-05-15,CE_2026-04-17,strikePrice,CE_2026-03-20,PE_2026-03-20,PE_2026-05-15
Ask,0.25,,10,,,
Bid,0.05,,10,,,
Ask,1.5,,7.5,1.3,4.9,4.9
Bid,0.1,,7.5,0,0.1,0.7
Ask,,4.9,7,,,
Bid,,0,7,,,
Ask,,3,6,0.4,4.9,
Bid,,0,6,0,0,
Ask,5,,5,,0.25,4.9
Bid,0,,5,,0,0.0
Ask,5.3,,2.5,4.9,,4.9
Bid,1,,2.5,0.6,,0.0
Chain,CE_2026-06-18,CE_2026-04-17,CE_2026-03-20,strikePrice,PE_2026-03-20,PE_2026-04-17,PE_2026-06-18
Bid,,,,22.34,12.1,,
Ask,,,,22.34,14.4,,
Ask,,,0.05,15,,,
Bid,,,0,15,,,
Bid,,,0,14.84,,,
Ask,,,0.1,14.84,,,
Ask,0.05,,0,12.5,0,,4.2
Bid,0,,0,12.5,0,,3.0
Ask,,,0.1,12.34,3.8,,
Bid,,,0,12.34,2.7,,
Bid,0.1,0,0,10,0,0.85,0.9
Ask,0.15,0.1,0,10,0,1.6,1.65
Ask,,,0.05,9.84,0.75,,
Bid,,,0,9.84,0.65,,
Ask,2.05,1.7,0,7.5,,,0.25
Bid,1.3,1.45,0,7.5,,,0.0
Ask,,,1.95,7.34,0.75,,
Bid,,,1.45,7.34,0,,
Ask,4.7,,,5,,,
Bid,3.5,,,5,,,
Bid,6.3,,,2.5,,,
Ask,7.4,,,2.5,,,
Ask,,,7.8,2.34,,,
Bid,,,6.3,2.34,,,
Chain,CE_2026-05-15,CE_2026-04-17,CE_2026-03-20,strikePrice,PE_2026-03-20,PE_2026-04-17,PE_2026-05-15
Ask,,,0.75,12.5,,,
Bid,,,0,12.5,,,
Ask,0.4,0.35,0.05,10,2.9,2.95,3.3
Bid,0.15,0.05,0,10,2,2.05,2.1
Ask,1.05,0.8,0.45,7.5,0.4,,0.95
Bid,0.8,0.5,0.2,7.5,0.2,,0.7
Ask,3.3,,3.3,5,,,0.2
Bid,2.3,,2.1,5,,,0.1
Ask,5.7,,,2.5,,,1.5
Bid,4.6,,,2.5,,,0.0
Chain,CE_2026-05-15,CE_2026-04-17,strikePrice,CE_2026-03-20,PE_2026-03-20,PE_2026-05-15
Ask,0.75,,25,,,
Bid,0,,25,,,
Ask,0.6,,20,,,
Bid,0,,20,,,
Ask,0.75,,17.5,,,
Bid,0,,17.5,,,
Ask,0.45,,15,,,
Bid,0,,15,,,
Ask,0.75,,12.5,0.5,3.2,3.7
Bid,0,,12.5,0,1.8,0.0
Ask,2.2,,10,,0.7,0.75
Bid,0.1,,10,,0,0.0
Ask,8.4,3.4,7.5,,,0.75
Bid,5.2,1.6,7.5,,,0.0
Chain,CE_2026-07-17,CE_2026-04-17,CE_2026-03-20,strikePrice,PE_2026-03-20,PE_2026-04-17,PE_2026-07-17
Ask,0.45,0.75,,17.5,,,
Bid,0.05,0,,17.5,,,
Ask,0.5,0.35,0.3,15,6.2,,
Bid,0.05,0,0,15,5.2,,
Ask,0.85,0.2,0.05,12.5,3.7,3.6,
Bid,0.05,0,0,12.5,2.8,2.7,
Ask,1.6,0.6,0.25,10,0.95,1.25,2.1
Bid,0.45,0.05,0,10,0.45,0.7,1.05
Ask,2.95,2.3,,7.5,0.3,0.3,0.85
Bid,1.8,1.5,,7.5,0,0.05,0.15
Ask,5.1,5.8,,5,,,
Bid,3.8,4.6,,5,,,
Chain,CE_2026-07-17,CE_2026-04-17,CE_2026-03-20,strikePrice,PE_2026-03-20,PE_2026-04-17,PE_2026-07-17
Ask,0.2,0.15,0.3,10,6.1,,6.0
Bid,0.05,0,0,10,5.3,,5.5
Ask,0.35,0.1,0.05,7.5,3.5,3.5,3.7
Bid,0.25,0.05,0,7.5,2.8,2.95,3.2
Ask,0.75,0.35,0.15,5,0.95,1.1,1.5
Bid,0.65,0.25,0.1,5,0.55,0.9,1.25
Ask,2.05,1.9,2,2.5,0.05,0.1,0.25
Bid,1.9,1.7,1.6,2.5,0,0,0.05
Chain,CE_2026-04-02,CE_2026-03-27,CE_2026-03-20,strikePrice,PE_2026-03-20,PE_2026-03-27,PE_2026-04-02
Bid,,,0,14,6.3,,
Ask,,,0.01,14,7.1,,
Ask,,,0.03,13,,,
Bid,,,0,13,,,
Ask,,,0.03,12.5,,,
Bid,,,0,12.5,,,
Ask,0.07,0.1,0.02,12,4.1,,
Bid,0.01,0.01,0,12,3.45,,
Bid,0.05,0.01,0,11.5,,,
Ask,0.08,0.1,0.07,11.5,,,
Bid,0.05,0.01,0,11,2.7,,
Ask,0.29,0.11,0.07,11,2.87,,
Ask,0.14,0.16,0.05,10.5,,,
Bid,0.06,0.01,0.02,10.5,,,
Ask,0.14,0.13,0.07,10,2.41,,
Bid,0.08,0.07,0.04,10,1.58,,
Bid,0.11,0.12,0.07,9.5,1.28,,1.14
Ask,0.37,0.15,0.09,9.5,1.38,,1.55
Ask,0.26,0.26,0.16,9,0.96,,1.19
Bid,0.22,0.2,0.14,9,0.86,,0.73
Bid,0.36,0.33,0.24,8.5,0.46,0.44,0.56
Ask,0.38,0.36,0.28,8.5,0.75,0.69,0.78
Ask,0.62,0.58,0.48,8,0.24,0.33,0.54
Bid,0.56,0.54,0.45,8,0.21,0.27,0.27
Ask,1,0.94,0.88,7.5,0.09,0.17,0.64
Bid,0.82,0.8,0.8,7.5,0.04,0,0.12
Bid,1.11,1.13,1.19,7,0,0,0.0
Ask,1.54,1.48,1.44,7,0.04,0.1,0.35
Bid,1.45,1.43,1.65,6.5,0,0,0.0
Ask,2.41,2.98,2.37,6.5,0.05,1.82,1.17
Ask,3.9,2.35,2.47,6,0.01,,0.01
Bid,2.07,1.85,2.21,6,0,,0.0
Bid,,,2.2,5.5,0,,
Ask,,,3.6,5.5,0.67,,
Ask,,,3.65,5,0.03,,
Bid,,,3.1,5,0,,
Bid,,3.4,3.45,4.5,,,
Ask,,5.35,5,4.5,,,
Bid,3.35,3.35,4,4,0,,
Ask,6.05,5.7,5.35,4,0.03,,
Bid,3.85,4.4,,3.5,,,
Ask,6.75,6.15,,3.5,,,
Ask,6.5,,5.85,3,,,2.13
Bid,4.35,,4.95,3,,,0.0
Bid,,,6,2,,,
Ask,,,6.7,2,,,
Ask,9.35,9.35,7.55,1,0.01,,
Bid,6.65,6.2,7,1,0,,
Chain,CE_2026-04-02,CE_2026-03-27,CE_2026-03-20,strikePrice,PE_2026-03-20,PE_2026-03-27,PE_2026-04-02
Bid,,,0,30,,,
Ask,,,0.01,30,,,
Ask,,,0.08,29,,,
Bid,,,0,29,,,
Ask,,,0.08,28,,,
Bid,,,0,28,,,
Ask,,,0.08,27,,,
Bid,,,0,27,,,
Bid,,,0,26,15.9,,
Ask,,,0.32,26,16.75,,
Bid,,,0,25,,,
Ask,,,0.07,25,,,
Ask,,,0.32,24,,,
Bid,,,0,24,,,
Ask,,,0.32,23,,,
Bid,,,0,23,,,
Bid,,,0,22,10.7,,
Ask,,,0.32,22,11.7,,
Bid,,,0,21,10.9,,
Ask,,,0.32,21,11.75,,
Ask,,,0.01,20,10.75,,
Bid,,,0,20,9.9,,
Bid,,0,0,19,8.9,,
Ask,,0.33,0.04,19,9.75,,
Bid,0,,0,18,7.9,,
Ask,0.34,,0.01,18,8.55,,
Bid,,0,0,17,6.95,6.85,
Ask,,0.05,0.01,17,7.5,7.75,
Bid,0,0,0,16,5.95,5.85,
Ask,0.26,0.06,0.04,16,6.5,6.95,
Ask,,0.34,,15.5,,,
Bid,,0,,15.5,,,
Bid,0.02,0,0,15,5.25,4.85,4.7
Ask,0.1,0.05,0.01,15,5.5,5.95,5.9
Bid,,0,0,14.5,4.6,4.2,
Ask,,0.1,0.02,14.5,5.2,5.2,
Ask,0.11,0.05,0.01,14,4.5,4.7,4.85
Bid,0,0.01,0,14,4.2,3.7,4.1
Bid,0.01,0,0,13.5,3.55,3.45,3.5
Ask,0.08,0.29,0.32,13.5,4.05,4.4,4.35
Bid,0.03,0.02,0.01,13,3.25,3.25,3.1
Ask,0.08,0.11,0.04,13,3.45,3.85,3.75
Bid,0.01,0.01,0,12.5,2.72,2.59,2.6
Ask,0.11,0.08,0.05,12.5,3.05,3.3,3.25
Bid,0.05,0.05,0.01,12,2.16,2.11,2.19
Ask,0.19,0.07,0.02,12,2.5,2.7,2.73
Ask,0.18,0.12,0.04,11.5,2.21,2.22,2.27
Bid,0.07,0.04,0.03,11.5,1.55,1.65,1.72
Bid,0.12,0.06,0.06,11,1.31,1.34,1.32
Ask,0.27,0.18,0.11,11,1.5,1.5,1.83
Bid,0.23,0.23,0.12,10.5,0.86,0.87,0.99
Ask,0.45,0.33,0.16,10.5,1.05,1.23,1.29
Bid,0.39,0.28,0.25,10,0.53,0.59,0.77
Ask,0.72,0.5,0.36,10,0.63,0.79,1.05
Bid,0.75,0.5,0.49,9.5,0.28,0.34,0.43
Ask,0.84,0.73,0.54,9.5,0.32,0.52,0.75
Bid,1.03,0.94,0.74,9,0.12,0.23,0.35
Ask,1.23,1.04,0.94,9,0.19,0.31,0.4
Bid,1.17,1.22,0.96,8.5,0.03,0.12,0.2
Ask,1.7,1.6,1.49,8.5,0.1,0.2,0.28
Bid,1.55,1.48,1.55,8,0.03,0.06,0.08
Ask,2.12,2.07,2.07,8,0.05,0.13,0.26
Bid,2.01,1.89,1.9,7.5,0,0.01,0.01
Ask,2.51,2.67,2.76,7.5,0.32,0.07,0.23
Ask,,3.25,3.15,7,0.12,0.12,0.13
Bid,,2.42,2.49,7,0.01,0,0.0
Bid,2.99,3,,6.5,0,0,0.0
Ask,3.8,3.85,,6.5,0.23,0.3,0.31
Bid,,3.5,3.45,6,0,0,
Ask,,4.35,4.15,6,0.2,0.33,
Bid,,4.35,4.45,5,0,,0.0
Ask,,5.3,5.15,5,0.15,,0.33
Ask,,6.35,6.15,4,0.08,,
Bid,,5.45,5.45,4,0,,
Bid,,,7.5,2,,,
Ask,,,8.25,2,,,
Ask,,9.35,9.1,1,0.01,,
Bid,,8.35,8.45,1,0,,
Chain,CE_2026-04-02,CE_2026-03-27,CE_2026-03-20,strikePrice,PE_2026-03-20,PE_2026-03-27,PE_2026-04-02
Bid,,,0,10,,,
Ask,,,0.15,10,,,
Ask,,,,9.5,,5,
Bid,,,,9.5,,3.9,
Ask,0.75,,,8,3.5,,
Bid,0,,,8,2.7,,
Ask,0.1,0.1,0.05,7.5,2.9,,
Bid,0,0,0,7.5,2.35,,
Ask,0.3,0.2,0.05,7,2.45,,3.5
Bid,0,0,0,7,1.85,,1.55
Ask,0.1,0.05,0.05,6.5,1.8,2,2.0
Bid,0,0,0,6.5,1.35,1.05,1.05
Bid,0,0,0,6,0.9,1,0.9
Ask,0.1,0.05,0.05,6,1.25,1.25,1.35
Ask,0.2,0.1,0.05,5.5,0.7,0.8,0.9
Bid,0.05,0.05,0,5.5,0.6,0.55,0.15
Ask,0.3,0.25,0.15,5,0.3,0.4,0.45
Bid,0.1,0.1,0.1,5,0.2,0.25,0.3
Ask,0.9,,0.5,4.5,0.15,0.1,0.15
Bid,0.3,,0.3,4.5,0,0.05,0.05
Bid,,0.6,0.8,4,0,0,0.0
Ask,,1.2,0.95,4,0.05,0.1,0.75
Bid,,,1.2,3.5,0,,
Ask,,,1.95,3.5,0.05,,
Bid,,1.5,1.7,3,,,
Ask,,2.45,2.45,3,,,
Bid,,,2,2.5,,,
Ask,,,3.2,2.5,,,
Ask,3.6,,3.7,1.5,,,
Bid,3.1,,3.1,1.5,,,
Bid,3.6,3.5,,1,,,
Ask,4.1,4,,1,,,
Ask,4.5,4.5,,0.5,,,
Bid,4.3,4,,0.5,,,
Chain,CE_2026-04-02,CE_2026-03-27,CE_2026-03-20,strikePrice,PE_2026-03-20,PE_2026-03-27,PE_2026-04-02
Bid,,,0,25,,,
Ask,,,0.3,25,,,
Ask,,,0.05,24,15.4,,
Bid,,,0,24,14.9,,
Ask,,,0.15,23,,,
Bid,,,0,23,,,
Ask,,,0.05,22,,,
Bid,,,0,22,,,
Bid,,,0,21,11.7,,
Ask,,,0.05,21,12.7,,
Bid,,,0,20,11,,
Ask,,,0.05,20,11.4,,
Ask,,,0.05,19,,,
Bid,,,0,19,,,
Ask,,,0.05,18,9.7,,
Bid,,,0,18,8.7,,
Bid,,,0,17,8,,
Ask,,,0.1,17,8.7,,
Bid,,0,0,16.5,,,
Ask,,0.3,0.3,16.5,,,
Bid,,0,0,16,7,,
Ask,,0.3,0.1,16,7.7,,
Ask,0.3,,,15.5,,7.2,
Bid,0,,,15.5,,6.2,
Ask,,,0.05,15,6.7,6.8,
Bid,,,0,15,6,5.7,
Bid,0,0,,14.5,5.4,,
Ask,0.35,0.3,,14.5,6.2,,
Bid,0,0,0,14,5,4.7,
Ask,0.35,0.3,0.05,14,5.7,5.7,
Bid,0,0,0,13.5,,,4.2
Ask,0.05,0.35,0.3,13.5,,,5.2
Bid,0,0,0,13,4,,3.7
Ask,0.1,0.05,0.05,13,4.7,,4.7
Bid,0,0,0,12.5,3.5,3.2,3.3
Ask,0.3,0.3,0.05,12.5,4.1,4.2,4.2
Bid,0,0,0,12,3.1,2.8,2.9
Ask,0.1,0.3,0.1,12,3.3,3.7,3.5
Ask,0.25,0.15,0.05,11.5,3.2,3.2,3.1
Bid,0,0,0,11.5,2.3,2.35,2.4
Bid,0.05,0,0,11,2.05,2.05,2.1
Ask,0.15,0.1,0.1,11,2.35,2.35,2.55
Bid,0.1,0,0,10.5,1.55,1.6,1.65
Ask,0.15,0.1,0.05,10.5,1.85,2,1.95
Bid,0.15,0.1,0.05,10,1.25,1.25,1.25
Ask,0.25,0.2,0.1,10,1.35,1.45,1.45
Bid,0.25,0.2,0.1,9.5,0.7,0.85,0.9
Ask,0.4,0.3,0.15,9.5,0.9,1.15,1.1
Bid,0.4,0.35,0.25,9,0.45,0.5,0.6
Ask,0.6,0.45,0.3,9,0.55,0.7,0.8
Bid,0.65,0.6,0.45,8.5,0.25,0.35,0.35
Ask,0.85,0.8,0.55,8.5,0.3,0.45,0.55
Bid,1,0.9,0.8,8,0.1,0.2,0.2
Ask,1.15,1.15,1.05,8,0.15,0.25,0.35
Bid,,,,7.5,0.05,0.1,0.1
Ask,,,,7.5,0.1,0.15,0.25
Ask,2.2,2.15,2.15,7,0.1,0.1,0.2
Bid,1.65,1.65,1.55,7,0,0.05,0.05
Bid,,,2.3,6,0,,
Ask,,,3.3,6,0.3,,
Bid,3.3,3.3,,5,,,
Ask,4.3,4.3,,5,,,
Bid,4.3,,4.3,4,,,0.0
Ask,5.3,,5.3,4,,,0.3
Ask,6.3,6,6.3,3,,,
Bid,5.3,5.6,5.3,3,,,
Bid,,6.3,6.3,2,,,
Ask,,7.3,7.3,2,,,
Ask,,,8.3,1,,,
Bid,,,7.3,1,,,
Chain,CE_2026-04-02,CE_2026-03-27,CE_2026-03-20,strikePrice,PE_2026-03-20,PE_2026-03-27,PE_2026-04-02
Bid,,,0,17,9.95,,
Ask,,,0.05,17,12.6,,
Ask,,,0.05,16,,,
Bid,,,0,16,,,
Ask,,,0.01,15,10.05,,
Bid,,,0,15,8.15,,
Ask,,,0.1,14,,,
Bid,,,0,14,,,
Bid,0,,0,13,6.15,,
Ask,0.27,,0.02,13,8,,
Bid,,,,12.5,5.7,,
Ask,,,,12.5,7.5,,
Ask,0.27,0.22,0.04,12,6.5,,
Bid,0,0,0,12,5.2,,
Ask,0.27,,0.05,11.5,,5.85,
Bid,0,,0,11.5,,4.9,
Ask,0.04,0.07,0.02,11,5.4,5.35,5.35
Bid,0,0,0,11,4.2,4.3,4.15
Bid,0,0,0,10.5,,3.8,3.65
Ask,0.15,0.1,0.01,10.5,,4.85,4.85
Ask,0.05,0.03,0.01,10,4.2,4.35,4.35
Bid,0,0.01,0,10,3.75,3.55,3.75
Bid,0,0.01,0,9.5,3.35,3.35,3.4
Ask,0.1,0.07,0.05,9.5,3.85,3.8,3.75
Ask,0.04,0.03,0.02,9,3.1,3.1,3.1
Bid,0.03,0.01,0,9,2.92,2.91,2.72
Ask,0.05,0.04,0.01,8.5,2.79,2.57,2.63
Bid,0,0.02,0,8.5,2.2,2.4,2.39
Bid,0.05,0.03,0.01,8,1.86,1.94,1.96
Ask,0.06,0.04,0.02,8,2.07,2.08,2.11
Ask,0.1,0.06,0.03,7.5,1.62,1.59,1.62
Bid,0.08,0.04,0.02,7.5,1.34,1.47,1.47
Ask,0.16,0.11,0.05,7,1.04,1.1,1.16
Bid,0.14,0.09,0.04,7,0.98,1.03,1.07
Ask,0.29,0.21,0.11,6.5,0.59,0.69,0.76
Bid,0.27,0.19,0.1,6.5,0.53,0.57,0.7
Ask,0.5,0.41,0.29,6,0.25,0.4,0.44
Bid,0.27,0.37,0.28,6,0.23,0.16,0.21
Bid,0.73,0.51,0.55,5.5,0.07,0.14,0.19
Ask,0.78,0.89,0.67,5.5,0.08,0.17,0.24
Ask,1.66,1.43,1.1,5,0.04,0.11,0.12
Bid,1.07,1.02,0.98,5,0.02,0.05,0.08
Bid,1.45,1.45,1.41,4.5,0,0.01,0.03
Ask,2.14,1.9,1.89,4.5,0.01,0.16,0.05
Bid,1.87,,1.95,4,0,,
Ask,2.65,,2.44,4,0.24,,
Bid,,2.45,2.36,3.5,,,
Ask,,2.88,2.84,3.5,,,
Ask,,,3.2,3,1.02,0.27,
Bid,,,2.81,3,0,0,
Bid,,,3.75,2,,,
Ask,,,4.25,2,,,
Ask,,,5.9,1,0.03,,
Bid,,,4.7,1,0,,
Chain,CE_2026-04-02,CE_2026-03-27,CE_2026-03-20,strikePrice,PE_2026-03-20,PE_2026-03-27,PE_2026-04-02
Bid,,,0,20,,,
Ask,,,0.14,20,,,
Ask,,,0.29,19,,,
Bid,,,0,19,,,
Ask,,,0.29,18,,,
Bid,,,0,18,,,
Ask,,,0.29,17,,,
Bid,,,0,17,,,
Bid,,,0,16,9.55,,
Ask,,,0.29,16,10.25,,
Bid,,,0,15,8.65,,
Ask,,,0.29,15,9.3,,
Ask,,,0.29,14,8.3,,
Bid,,,0,14,7.65,,
Ask,,,0.05,13,7.3,,
Bid,,,0,13,6.65,,
Ask,0.07,0.07,0.05,12,6.3,,
Bid,0,0,0,12,5.65,,
Ask,0.1,0.31,0.29,11.5,,,
Bid,0,0,0,11.5,,,
Ask,0.29,0.1,0.02,11,5.25,5.6,
Bid,0,0,0,11,4.55,4.5,
Ask,0.25,0.3,0.29,10.5,,,
Bid,0.01,0,0,10.5,,,
Ask,0.19,0.09,0.03,10,4.4,,
Bid,0,0.01,0,10,3.55,,
Ask,0.25,0.14,0.05,9.5,3.75,3.75,
Bid,0.01,0,0,9.5,3.05,3.1,
Ask,0.15,0.1,0.05,9,3.35,,3.45
Bid,0.05,0.01,0,9,2.86,,2.81
Ask,0.16,0.09,0.03,8.5,,2.74,2.84
Bid,0.01,0.05,0,8.5,,2.44,2.35
Ask,0.18,0.12,0.04,8,2.3,2.27,2.43
Bid,0.1,0.07,0.02,8,1.79,2.04,1.9
Ask,0.3,0.28,0.12,7.5,1.88,1.84,1.87
Bid,0.13,0.08,0.01,7.5,1.38,1.5,1.64
Ask,0.36,0.31,0.11,7,1.25,1.52,
Bid,0.23,0.15,0.05,7,1.05,1.17,
Ask,0.62,0.53,0.2,6.5,0.84,1.14,1.17
Bid,0.35,0.13,0.11,6.5,0.61,0.8,0.73
Ask,0.8,0.62,0.36,6,0.45,0.6,0.68
Bid,0.5,0.43,0.28,6,0.3,0.42,0.58
Bid,0.79,0.68,0.57,5.5,0.1,0.29,0.2
Ask,0.9,0.94,0.78,5.5,0.15,0.35,0.42
Ask,1.44,1.38,1.14,5,0.06,0.23,0.25
Bid,0.98,1,0.94,5,0.05,0.02,0.12
Bid,,1.29,1.31,4.5,0,0.01,0.09
Ask,,1.75,1.9,4.5,0.1,0.1,0.15
Bid,1.71,1.74,1.83,4,0.01,0,0.01
Ask,2.44,2.4,2.46,4,0.1,0.18,0.25
Bid,,2.2,,3.5,,,0.0
Ask,,2.95,,3.5,,,0.3
Ask,,,3.45,3,0.06,,
Bid,,,2.79,3,0,,
Bid,,3.55,3.75,2,0,,
Ask,,4.45,4.3,2,0.29,,
Ask,5.45,5.2,5.15,1,0.05,,
Bid,4.55,4.7,4.7,1,0,,
Chain,CE_2026-04-02,CE_2026-03-27,CE_2026-03-20,strikePrice,PE_2026-03-20,PE_2026-03-27,PE_2026-04-02
Bid,,,,15,6.4,,
Ask,,,,15,9.6,,
Ask,,,,14,7.45,6.9,6.9
Bid,,,,14,5.4,5.4,5.4
Ask,0.75,,,13,,,
Bid,0,,,13,,,
Ask,,,,12,4.9,,
Bid,,,,12,4,,
Bid,,,0,11,3.05,2.55,
Ask,,,0.02,11,3.55,4.35,
Bid,0,,0,10,1.37,,
Ask,0.75,,0.01,10,4.95,,
Ask,0.06,0.14,0.05,9.5,,2.04,
Bid,0,0,0.01,9.5,,1.3,
Ask,0.08,0.04,0.04,9,1.53,1.55,
Bid,0,0.02,0.02,9,1.27,0.89,
Ask,0.13,0.09,0.05,8.5,0.97,1.12,
Bid,0.07,0,0.04,8.5,0.76,0.4,
Ask,0.3,0.46,0.14,8,0.52,0.57,0.86
Bid,0.08,0.09,0.09,8,0.28,0.22,0.1
Ask,0.93,0.93,0.42,7.5,0.19,0.29,0.75
Bid,0.25,0.2,0.3,7.5,0.03,0.12,0.07
Ask,,1.3,0.87,7,0.05,0.11,0.75
Bid,,0.57,0.48,7,0.04,0.06,0.0
Ask,,,,6.5,0.01,0.53,0.3
Bid,,,,6.5,0,0,0.0
Bid,,,1.5,6,0,,0.0
Ask,,,2.2,6,0.01,,0.75
Ask,,,,5.5,0.75,,
Bid,,,,5.5,0,,
Bid,,,2.25,5,0,,0.0
Ask,,,3.35,5,0.5,,0.75
Bid,,,2.85,4.5,0,,
Ask,,,3.8,4.5,0.3,,
Bid,,,3.3,4,,,
Ask,,,4.3,4,,,
Ask,4.95,,,3.5,,,
Bid,3.75,,,3.5,,,
Bid,,,4.95,2,,,
Ask,,,6.6,2,,,
Ask,,,7.6,1,,,
Bid,,,5.95,1,,,
Chain,CE_2026-04-02,CE_2026-03-27,CE_2026-03-20,strikePrice,PE_2026-03-20,PE_2026-03-27,PE_2026-04-02
Bid,,,0,29,,,
Ask,,,0.35,29,,,
Ask,,,0.35,27,,,
Bid,,,0,27,,,
Ask,,,0.35,26,,,
Bid,,,0,26,,,
Ask,,,0.35,25,,,
Bid,,,0,25,,,
Bid,,,0,24,13.7,,
Ask,,,0.35,24,14.9,,
Bid,,,0,23,,,
Ask,,,0.15,23,,,
Ask,,,0.35,22,,,
Bid,,,0,22,,,
Ask,,,0.35,21,,,
Bid,,,0,21,,,
Bid,,0,0,20,,,
Ask,,0.4,0.05,20,,,
Bid,,,0,19,,,
Ask,,,0.4,19,,,
Ask,,0.1,0.05,18,8.8,,
Bid,,0,0,18,8,,
Bid,0,,0,17,6.7,,
Ask,0.1,,0.2,17,8,,
Bid,0,0,0,16,5.9,,
Ask,0.1,0.05,0.05,16,6.9,,
Bid,0,0,0,15,4.9,4.7,
Ask,0.1,0.05,0.05,15,5.8,5.8,
Bid,,0,0,14.5,,,
Ask,,0.1,0.05,14.5,,,
Ask,0.15,0.1,0.1,14,4.9,,
Bid,0.05,0.05,0,14,3.7,,
Bid,0.05,0.05,0,13.5,,,
Ask,0.15,0.1,0.05,13.5,,,
Bid,0.1,0.05,0,13,3.3,3.1,
Ask,0.2,0.1,0.05,13,3.7,3.8,
Ask,0.25,0.15,0.1,12.5,,3.3,
Bid,0.1,0.1,0,12.5,,2.8,
Bid,0.2,0.1,0.05,12,2.4,2.35,
Ask,0.3,0.2,0.1,12,2.65,2.85,
Bid,0.25,0.15,0.05,11.5,1.7,1.9,
Ask,0.4,0.25,0.1,11.5,2.3,2.4,
Bid,0.4,0.25,0.05,11,1.45,1.5,1.65
Ask,0.5,0.35,0.2,11,1.8,1.95,2.05
Bid,0.45,0.3,0.2,10.5,1.05,1.25,1.4
Ask,0.6,0.45,0.25,10.5,1.25,1.45,1.5
Ask,0.8,0.6,0.4,10,1,1.05,1.2
Bid,0.6,0.45,0.3,10,0.7,0.9,1.05
Bid,0.8,0.6,0.5,9.5,0.4,0.6,0.75
Ask,1,0.85,0.6,9.5,0.55,0.7,0.9
Bid,1,0.85,0.7,9,0.2,0.4,0.5
Ask,1.25,1.1,0.9,9,0.3,0.45,0.65
Bid,1.25,1.15,0.95,8.5,0.1,0.2,0.25
Ask,1.65,1.55,1.35,8.5,0.15,0.3,0.4
Bid,1.55,1.45,1.25,8,0.05,0.1,0.05
Ask,2.05,2.05,1.8,8,0.15,0.2,0.25
Bid,1.95,1.85,1.85,7.5,0,0.05,0.05
Ask,2.45,2.5,2.5,7.5,0.1,0.1,0.2
Bid,2.35,2.2,2.2,7,0,0,0.0
Ask,2.95,2.85,2.9,7,0.05,0.05,0.1
Bid,,2.7,,6.5,0,0,0.0
Ask,,3.9,,6.5,0.2,0.05,0.05
Bid,3.2,,3.3,6,0,0,0.0
Ask,4.3,,3.9,6,0.05,0.05,0.05
Ask,4.7,,,5.5,0.35,,
Bid,3.7,,,5.5,0,,
Bid,,4.3,4.2,5,0,0,0.0
Ask,,4.9,4.8,5,0.15,0.4,0.4
Bid,4.7,,,4.5,,,
Ask,5.9,,,4.5,,,
Bid,,,,4,0,,
Ask,,,,4,0.15,,
Ask,,,6.5,3.5,,,
Bid,,,5.7,3.5,,,
Bid,,,6.2,3,,,
Ask,,,6.9,3,,,
Ask,9.4,,,1,,,
Bid,8.1,,,1,,,
Chain,CE_2026-04-02,CE_2026-03-27,CE_2026-03-20,strikePrice,PE_2026-03-20,PE_2026-03-27,PE_2026-04-02
Bid,,,0,17,8.7,,
Ask,,,0.35,17,9.8,,
Ask,,0.4,0.4,16,8.8,,
Bid,,0,0,16,7.7,,
Ask,,0.4,0.15,15,,,
Bid,,0,0,15,,,
Ask,,,0.35,14,,,
Bid,,,0,14,,,
Bid,0,,0,13,,,
Ask,0.35,,0.4,13,,,
Bid,0.05,0,0,12,4.7,,
Ask,0.3,0.35,0.1,12,5.6,,
Ask,,0.3,0.35,11.5,,,
Bid,,0.05,0,11.5,,,
Ask,0.3,0.35,0.1,11,3.7,,
Bid,0.05,0.05,0,11,2.9,,
Ask,0.35,,0.3,10.5,3.2,,
Bid,0.15,,0,10.5,2.5,,
Bid,0.2,0.1,0.05,10,2.05,2.15,
Ask,0.4,0.45,0.1,10,2.7,2.8,
Ask,0.45,0.45,0.15,9.5,,,
Bid,0.25,0.15,0.05,9.5,,,
Ask,0.55,0.5,0.2,9,1.65,,
Bid,0.35,0.25,0.1,9,1.45,,
Ask,0.7,0.5,0.25,8.5,1.35,1.5,
Bid,0.45,0.35,0.2,8.5,1.05,1.2,
Ask,0.85,0.75,0.4,8,0.85,1.1,
Bid,0.6,0.5,0.3,8,0.65,0.85,
Bid,0.85,0.7,0.55,7.5,0.4,0.6,0.75
Ask,1.1,0.95,0.65,7.5,0.5,0.85,1.0
Ask,1.3,1.25,1,7,0.3,0.55,0.7
Bid,1.1,1,0.8,7,0.2,0.35,0.5
Ask,1.75,1.6,1.4,6.5,0.2,0.35,0.6
Bid,1.45,1.3,1,6.5,0.05,0.2,0.35
Ask,2.1,1.95,1.8,6,0.15,0.25,0.3
Bid,1.7,1.6,1.5,6,0.05,0.1,0.2
Bid,,2,1.9,5.5,0,0.05,0.1
Ask,,2.45,2.8,5.5,0.15,0.15,0.3
Ask,3.2,2.95,2.75,5,0.1,0.1,0.15
Bid,2.3,2.4,2.4,5,0,0.05,0.05
Bid,,2.7,2.85,4.5,0,0,0.0
Ask,,3.7,3.4,4.5,0.4,0.05,0.15
Bid,,,3.5,4,0,0,0.0
Ask,,,3.8,4,0.25,0.4,0.3
Bid,,3.8,,3.5,,0,0.0
Ask,,4.7,,3.5,,0.4,0.4
Ask,5.3,5.3,5.2,3,0.25,,
Bid,4.3,4.3,4.3,3,0,,
Bid,,5.2,5.4,2,,,
Ask,,6.3,6,2,,,
Ask,,7.1,7,1,,,
Bid,,6.2,6.3,1,,,
Chain,CE_2026-04-02,CE_2026-03-27,CE_2026-03-20,strikePrice,PE_2026-03-20,PE_2026-03-27,PE_2026-04-02
Bid,,,0,10,5.25,,
Ask,,,0.03,10,6,,
Ask,0.23,0.15,0.08,9,,,
Bid,0,0,0,9,,,
Ask,,0.15,,8.5,,,
Bid,,0,,8.5,,,
Ask,0.1,0.22,0.1,8,3.8,,
Bid,0,0,0,8,3.25,,
Bid,0,0,0,7.5,2.92,2.91,2.76
Ask,0.2,0.08,0.01,7.5,3.2,3.35,3.35
Ask,0.1,0.05,0.03,7,,,2.8
Bid,0.01,0,0,7,,,2.29
Bid,0,0,0,6.5,1.79,1.79,1.85
Ask,0.05,0.12,0.01,6.5,2.28,2.28,2.3
Bid,0.03,0.02,0.01,6,1.26,1.37,1.46
Ask,0.07,0.03,0.02,6,1.76,1.78,1.75
Bid,0.05,0.03,0.02,5.5,0.93,0.97,1.0
Ask,0.12,0.04,0.04,5.5,1.25,1.33,1.35
Ask,0.15,0.15,0.06,5,0.8,0.78,0.92
Bid,0.13,0.08,0.05,5,0.53,0.55,0.6
Ask,0.4,0.3,0.19,4.5,0.31,0.49,0.49
Bid,0.28,0.2,0.16,4.5,0.25,0.31,0.37
Bid,0.51,0.47,0.38,4,0.07,0.12,0.15
Ask,0.67,0.62,0.53,4,0.08,0.14,0.19
Bid,0.78,0.76,0.84,3.5,0.01,0.03,0.01
Ask,1.1,1.08,1.04,3.5,0.12,0.06,0.09
Bid,,1.33,1.22,3,0,0,0.0
Ask,,1.73,1.71,3,0.01,0.13,0.18
Bid,,1.74,1.72,2.5,0,,
Ask,,2.22,2.22,2.5,0.18,,
Ask,,2.76,,2,,,
Bid,,2.26,,2,,,
Bid,3.25,3.25,,1,0,,
Ask,3.5,3.75,,1,0.22,,
Ask,,,,0.5,0.05,,
Bid,,,,0.5,0,,
Chain,CE_2026-04-02,CE_2026-03-27,CE_2026-03-20,strikePrice,PE_2026-03-20,PE_2026-03-27,PE_2026-04-02
Bid,,,0,20,,,
Ask,,,0.2,20,,,
Ask,,,0.1,17.5,,,
Bid,,,0,17.5,,,
Ask,0.4,0.5,,17,,,
Bid,0,0,,17,,,
Ask,,0.1,,16,,,
Bid,,0,,16,,,
Bid,0.05,0.05,0,15,5.6,5,
Ask,0.45,0.4,0.05,15,6.2,6.2,
Bid,0.15,0.05,0,14,,,
Ask,0.25,0.4,0.2,14,,,
Ask,,0.25,0.2,13.5,4.8,,
Bid,,0.05,0,13.5,4.2,,
Ask,0.3,0.25,0.15,13,4.3,4.2,
Bid,0.1,0.1,0,13,3.7,3.3,
Ask,0.35,0.25,0.1,12.5,3.8,,
Bid,0.2,0.15,0.05,12.5,3.2,,
Ask,0.45,0.3,0.1,12,,,
Bid,0.25,0.2,0.05,12,,,
Ask,0.5,0.4,0.2,11.5,,,
Bid,0.35,0.25,0.1,11.5,,,
Ask,0.6,0.45,0.2,11,2.05,,2.5
Bid,0.45,0.35,0.15,11,1.9,,2.25
Ask,0.85,0.6,0.3,10.5,1.75,2,2.15
Bid,0.6,0.45,0.25,10.5,1.5,1.7,1.9
Ask,0.85,0.75,0.45,10,1.3,1.6,1.8
Bid,0.8,0.6,0.35,10,1.15,1.4,1.55
Bid,0.9,0.8,0.55,9.5,0.8,1.1,1.2
Ask,1.05,0.95,0.6,9.5,0.9,1.2,1.45
Ask,1.3,1.15,0.85,9,0.7,1,1.1
Bid,1.05,1,0.75,9,0.55,0.8,0.95
Ask,1.55,1.4,1.15,8.5,0.5,0.7,0.9
Bid,1.25,1.15,0.9,8.5,0.35,0.55,0.7
Ask,1.85,1.7,1.5,8,0.25,0.55,0.7
Bid,1.55,1.45,1.2,8,0.2,0.4,0.45
Ask,2.15,2.5,1.9,7.5,0.15,0.35,0.45
Bid,1.7,1.75,1.5,7.5,0.1,0.15,0.3
Ask,2.75,2.95,2.8,7,0.15,0.25,0.35
Bid,2.15,2.05,1.95,7,0,0.1,0.2
Bid,2.6,2.5,2.4,6.5,0,0,0.1
Ask,3.5,3.3,3.4,6.5,0.1,0.2,0.25
Ask,4.1,3.9,4,6,0.1,0.1,0.35
Bid,3,2.95,2.9,6,0,0,0.05
Bid,,,3.4,5.5,0,0,0.0
Ask,,,4.5,5.5,0.2,0.1,0.45
Bid,,3.9,3.9,5,0,0,
Ask,,5,4.9,5,0.1,0.05,
Bid,,4.9,,4,,,
Ask,,6,,4,,,
Ask,,,7.3,2.5,,,
Bid,,,6.4,2.5,,,
Bid,,,6.9,2,0,,
Ask,,,7.5,2,0.45,,
Ask,9.1,9.1,,1,,,0.45
Bid,7.9,7.9,,1,,,0.0
Chain,CE_2026-04-02,CE_2026-03-27,CE_2026-03-20,strikePrice,PE_2026-03-20,PE_2026-03-27,PE_2026-04-02
Bid,,,0,40,28.3,,
Ask,,,0.01,40,28.6,,
Ask,,,0.23,37,25.7,,
Bid,,,0,37,25.5,,
Ask,,,0.35,35,24.8,,
Bid,,,0,35,23.7,,
Ask,,,0.35,32,22.6,,
Bid,,,0,32,21.1,,
Bid,,,0,30,20.1,,
Ask,,,0.05,30,21.15,,
Bid,,,0,29,15.15,,
Ask,,,0.24,29,16.6,,
Ask,,,0.24,28,15.6,,
Bid,,,0,28,14.35,,
Ask,,,0.23,27,17.4,,
Bid,,,0,27,16.9,,
Bid,,,0,26,15.4,,
Ask,,,0.04,26,16.7,,
Bid,,,0,25,15.55,,
Ask,,,0.05,25,16,,
Bid,,,0,24,12.5,,
Ask,,,0.23,24,15.3,,
Bid,,,0,23,13,,
Ask,,,0.05,23,14.4,,
Bid,,,0,22,12.55,,
Ask,,,0.27,22,13.15,,
Bid,,0,0.01,21,11.05,11.2,
Ask,,0.35,0.3,21,12,12.25,
Ask,,,0.01,20,11.05,,
Bid,,,0,20,10.55,,
Ask,,,0.09,19,10.15,,
Bid,,,0.01,19,9.15,,
Ask,,,0.01,18,9.05,9.15,
Bid,,,0,18,8.55,8.2,
Ask,0.37,0.35,0.01,17,7.95,8.25,
Bid,0,0,0,17,7.55,7.2,
Bid,0,0,0.01,16,6.55,6.2,
Ask,0.38,0.36,0.03,16,6.95,7.2,
Bid,,,0,15.5,,,
Ask,,,0.05,15.5,,,
Bid,0,0.01,0,15,5.55,,
Ask,0.35,0.13,0.05,15,6,,
Ask,0.19,0.36,0.07,14.5,,,5.6
Bid,0.01,0,0,14.5,,,4.75
Ask,0.2,0.05,0.03,14,5,,5.1
Bid,0.01,0.01,0.01,14,4.55,,4.3
Bid,0,0.01,0,13.5,4.05,3.75,3.85
Ask,0.08,0.07,0.2,13.5,4.6,4.55,4.6
Ask,0.21,0.07,0.02,13,3.95,4.1,4.1
Bid,0.04,0.03,0.01,13,3.55,3.3,3.4
Ask,0.14,0.25,0.1,12.5,3.5,3.6,3.65
Bid,0.06,0,0.01,12.5,3.05,2.88,3.05
Ask,0.12,0.18,0.08,12,2.97,3.1,3.1
Bid,0.01,0.03,0.03,12,2.68,2.51,2.66
Bid,0.14,0.06,0.04,11.5,2.15,2.3,2.44
Ask,0.16,0.12,0.05,11.5,2.6,2.65,2.71
Bid,0.2,0.11,0.06,11,1.93,1.91,2.06
Ask,0.23,0.17,0.08,11,1.99,2.21,2.15
Ask,0.35,0.21,0.17,10.5,1.52,1.83,1.87
Bid,0.25,0.12,0.03,10.5,1.44,1.52,1.56
Bid,0.41,0.28,0.18,10,0.96,1.13,1.29
Ask,0.55,0.32,0.2,10,1.15,1.31,1.45
Bid,0.6,0.44,0.26,9.5,0.58,0.8,0.95
Ask,0.84,0.48,0.32,9.5,0.78,0.97,1.12
Bid,0.7,0.62,0.48,9,0.38,0.39,0.68
Ask,1.04,0.97,0.61,9,0.43,0.64,0.75
Bid,,0.84,0.71,8.5,0.04,0.32,0.42
Ask,,1.14,0.94,8.5,0.2,0.4,0.66
Bid,1.2,1.22,1.16,8,0.05,0.07,0.28
Ask,1.77,1.5,1.23,8,0.11,0.25,0.41
Bid,,1.64,,7.5,0.02,0.01,0.15
Ask,,2.11,,7.5,0.05,0.24,0.24
Bid,,,2.05,7,0,0.01,0.09
Ask,,,2.73,7,0.08,0.15,0.12
Ask,,3.25,,6.5,0.37,0.18,0.11
Bid,,2.48,,6.5,0,0.01,0.01
Bid,,,3,6,0,0,0.0
Ask,,,3.8,6,0.25,0.36,0.35
Bid,3.75,3.85,4,5,0,,
Ask,4.85,4.8,4.8,5,0.02,,
Bid,,,5,4,0,,
Ask,,,5.8,4,0.5,,
Ask,,,6.8,3,0.02,,
Bid,,,6,3,0,,
Bid,,,7,2,0,,
Ask,,,7.75,2,0.01,,
Ask,,,8.75,1,,,
Bid,,,7.85,1,,,
Chain,CE_2026-04-02,CE_2026-03-27,CE_2026-03-20,strikePrice,PE_2026-03-20,PE_2026-03-27,PE_2026-04-02
Bid,,,0,18,,,
Ask,,,0.3,18,,,
Ask,,,0.3,17,,,
Bid,,,0,17,,,
Ask,,,0.3,16,,,
Bid,,,0,16,,,
Ask,,,0.3,15,,,
Bid,,,0,15,,,
Bid,,,0,14,,,
Ask,,,0.3,14,,,
Bid,,,0,13,7.2,,
Ask,,,0.3,13,7.9,,
Ask,,,0.05,12,7,,
Bid,,,0,12,6.2,,
Ask,,,0.3,11,6,6,
Bid,,,0,11,5.2,5.2,
Ask,0.3,,,10.5,,,
Bid,0,,,10.5,,,
Ask,0.2,0.2,0.05,10,4.9,,
Bid,0,0,0,10,4.2,,
Ask,,0.25,,9.5,,,
Bid,,0,,9.5,,,
Ask,,0.1,0.05,9,3.9,4,3.9
Bid,,0,0,9,3.2,3.4,3.4
Ask,0.2,,0.1,8.5,,3.4,3.4
Bid,0.05,,0,8.5,,3,3.0
Ask,0.2,0.15,0.1,8,2.9,3.1,
Bid,0.05,0.05,0,8,2.55,2.6,
Bid,0.05,0,0.05,7.5,,2,2.1
Ask,0.35,0.15,0.1,7.5,,2.55,2.6
Ask,0.3,0.2,0.1,7,1.95,2.05,2.1
Bid,0.1,0.1,0.05,7,1.65,1.55,1.7
Ask,0.4,0.25,0.15,6.5,1.45,1.6,1.7
Bid,0.2,0.1,0.05,6.5,1.15,1.2,1.3
Ask,0.5,0.4,0.2,6,1,1.1,1.2
Bid,0.3,0.2,0.15,6,0.75,0.9,1.0
Ask,0.6,0.5,0.35,5.5,0.55,0.75,0.85
Bid,0.45,0.4,0.25,5.5,0.45,0.55,0.5
Ask,1.05,0.75,0.6,5,0.25,0.4,0.7
Bid,0.65,0.6,0.45,5,0.15,0.25,0.35
Bid,,,0.75,4.5,0.05,0.1,0.05
Ask,,,1.15,4.5,0.15,0.4,0.35
Ask,,,1.7,4,0.05,0.15,0.15
Bid,,,1.1,4,0,0,0.05
Bid,,,1.45,3.5,0,0,0.0
Ask,,,2.25,3.5,0.2,0.2,0.3
Bid,,,2.15,3,0,,
Ask,,,2.8,3,0.05,,
Bid,,2.55,2.55,2.5,,,
Ask,,3.3,3.3,2.5,,,
Ask,3.8,3.8,3.8,2,,,
Bid,3.1,2.9,3,2,,,
Bid,,,3.5,1.5,,,
Ask,,,4.3,1.5,,,
Ask,,,5.1,1,,,
Bid,,,4.3,1,,,
Chain,CE_2026-04-02,CE_2026-03-27,CE_2026-03-20,strikePrice,PE_2026-03-20,PE_2026-03-27,PE_2026-04-02
Bid,,,0,15,10.6,,
Ask,,,0.05,15,11.4,,
Ask,,,0.1,14,9.7,,
Bid,,,0,14,8.7,,
Ask,,,0.3,13,8.8,,
Bid,,,0,13,7.8,,
Ask,,,0.15,12.5,8.3,,
Bid,,,0,12.5,7.3,,
Bid,,,0,12,7.2,,
Ask,,,0.05,12,8.2,,
Bid,,,0,11,6.6,,
Ask,,,0.1,11,7.4,,
Ask,,,0.05,10,6.4,,
Bid,,,0,10,5.6,,
Ask,0.25,0.15,0.05,9,5.3,,
Bid,0,0,0,9,4.6,,
Bid,0,,,8.5,,,
Ask,0.15,,,8.5,,,
Ask,,0.1,,8,,4.4,
Bid,,0,,8,,3.7,
Bid,0,0,0,7.5,3.2,,
Ask,0.15,0.2,0.05,7.5,3.9,,
Ask,,0.15,0.1,7,,,
Bid,,0,0,7,,,
Ask,0.25,0.2,0.1,6.5,2.9,2.95,
Bid,0.05,0,0,6.5,2.2,2.3,
Bid,0.05,0,0,6,2.05,1.9,
Ask,0.25,0.15,0.05,6,2.25,2.45,
Bid,0.05,0,0,5.5,1.35,1.4,1.5
Ask,0.25,0.15,0.05,5.5,1.9,1.95,2.05
Ask,0.35,0.15,0.05,5,1.35,1.5,1.6
Bid,0.1,0.05,0,5,1.05,0.95,1.05
Bid,0.2,0.05,0.05,4.5,0.5,0.55,0.7
Ask,0.35,0.35,0.1,4.5,0.95,1.05,1.0
Ask,0.65,0.5,0.25,4,0.45,0.65,0.7
Bid,0.35,0.2,0.2,4,0.25,0.35,0.35
Bid,,0.45,0.2,3.5,0.05,0.05,0.1
Ask,,0.8,0.7,3.5,0.1,0.3,0.35
Bid,0.7,0.65,0.7,3,,0,0.05
Ask,1.25,1.2,1.3,3,,0.1,0.25
Bid,,1.05,1.3,2.5,0,0,
Ask,,1.85,1.45,2.5,0.3,0.35,
Ask,2.35,2.35,,2,,,
Bid,1.6,1.55,,2,,,
Bid,,,2.7,1,0,,
Ask,,,3.4,1,0.1,,
Ask,3.9,,3.7,0.5,,,
Bid,3.1,,3.2,0.5,,,
Chain,CE_2026-04-02,CE_2026-03-27,CE_2026-03-20,strikePrice,PE_2026-03-20,PE_2026-03-27,PE_2026-04-02
Bid,,,0,15,,,
Ask,,,0.35,15,,,
Ask,,,0.25,12.5,,,
Bid,,,0,12.5,,,
Ask,,0.35,,12,,,
Bid,,0,,12,,,
Ask,0.35,,,10.5,,,
Bid,0,,,10.5,,,
Bid,0.05,0,0,10,5,4.7,
Ask,0.25,0.35,0.1,10,5.7,5.9,
Ask,0.35,,0.35,9.5,,,
Bid,0,,0,9.5,,,
Bid,,0,0,9,,,
Ask,,0.35,0.15,9,,,
Ask,0.35,0.1,0.35,8.5,,,
Bid,0,0,0,8.5,,,
Ask,0.3,0.35,0.35,8,,,3.8
Bid,0,0,0,8,,,2.8
Ask,0.25,0.2,0.05,7.5,3.1,,
Bid,0,0,0,7.5,2.55,,
Ask,0.15,0.1,0.05,7,,2.55,2.65
Bid,0,0,0,7,,1.9,2.0
Ask,0.15,0.2,0.05,6.5,2.05,2.15,2.15
Bid,0.05,0,0,6.5,1.55,1.5,1.55
Bid,0.05,0.05,0,6,1,1.05,1.1
Ask,0.2,0.15,0.15,6,1.5,1.65,1.7
Bid,0.1,0.1,0,5.5,0.65,0.65,0.7
Ask,0.3,0.25,0.05,5.5,1.05,1.2,1.2
Bid,0.25,0.2,0.05,5,0.3,0.35,0.45
Ask,0.5,0.5,0.2,5,0.5,0.7,0.8
Bid,,0.25,0.25,4.5,0.1,0.2,0.15
Ask,,0.75,0.5,4.5,0.2,0.5,0.55
Ask,,,1.05,4,0.15,0.3,0.3
Bid,,,0.6,4,0,0.05,0.05
Bid,,1,0.95,3.5,,,
Ask,,1.7,1.7,3.5,,,
Ask,,,2.7,2.5,0.35,,
Bid,,,1.95,2.5,0,,
