
[High ITM Premium Options List]
Symbol,Expiry,Benefit,Rank,LTP,Intrinsic,3Y,ATH,Volatility%,Strike,Bid,Min%,Max%,Details
BTDR,6,0.69,,8.11,3.85,,,,8,0.5,4.81,6,
HIMS,6,0.69,,22.02,2.38,,,,22,1.08,4.81,5,
LITE,6,0.68,,706.35,11.86,,,,705,35.2,4.79,5,
IREN,6,0.67,,41.29,7.57,,,,41,2.23,4.7,5,
CRCL,6,0.64,,126.03,13.74,,,,126,5.65,4.46,4,
IONQ,6,0.6,,31.2,10.48,,,,31,1.52,4.23,5,
ALAB,6,0.57,,116.04,8.01,,,,116,4.7,4.02,4,
NBIS,6,0.56,,117.62,18.23,,,,116,6.25,3.94,5,
COIN,6,0.55,,197.5,55.23,,,,197.5,7.65,3.87,4,
CIEN,6,0.54,,383.89,19.74,,,,380,18.4,3.78,5,
KTOS,6,0.54,,84.62,11.82,,,,84,3.8,3.76,4,
MU,6,0.52,,422.9,64.24,,,,422.5,15.85,3.65,4,
LITE,12,0.51,,706.35,11.86,,,,705,48.2,6.63,7.000000000000001,
AG,6,0.51,,18.27,5.62,,,,18,0.92,3.56,5,
COHR,6,0.5,,253.63,45.56,,,,252.5,10,3.5,4,
HIMS,12,0.5,,22.02,2.38,,,,22,1.45,6.49,7.000000000000001,
IREN,12,0.5,,41.29,7.57,,,,41,3,6.56,7.000000000000001,
APP,6,0.48,,442.39,6.31,,,,440,17.2,3.35,4,
LRCX,6,0.48,,228.36,8.11,,,,227.5,8.55,3.37,4,
FTAI,6,0.48,,230.03,3.26,,,,230,7.8,3.38,3,
CVNA,6,0.48,,281.28,24.19,,,,280,10.8,3.38,4,
CDE,6,0.47,,17.67,5.16,,,,17.5,0.75,3.28,4,
FIGR,6,0.46,,34.29,5.68,,,,33,2.4,3.24,7.000000000000001,
FCX,6,0.46,,52.09,13.16,,,,52,1.76,3.21,3,
DUOL,6,0.46,,98.05,28.89,,,,98,3.2,3.21,3,
BTDR,12,0.46,,8.11,3.85,,,,8,0.6,6.04,7.000000000000001,
CLS,6,0.45,,269.1,19.29,,,,267.5,10.1,3.16,4,
HOOD,6,0.44,,70.89,10.14,,,,70,3.05,3.05,4,
DELL,6,0.44,,157.67,-3.79,,,,157.5,5,3.06,3,
GLW,6,0.44,,124.58,13.78,,,,124,4.45,3.11,4,
CRCL,12,0.44,,126.03,13.74,,,,126,7.25,5.73,6,
IONQ,12,0.44,,31.2,10.48,,,,31,2,5.77,6,
NCLH,6,0.42,,18.95,4.85,,,,18.5,1.01,2.96,5,
GEV,6,0.42,,851.07,41.47,,,,850,25.8,2.91,3,
DDOG,6,0.41,,125.08,10.59,,,,125,3.65,2.85,3,
DOCN,6,0.41,,82.65,-0.31,,,,80,5,2.84,6,
CIEN,12,0.41,,383.89,19.74,,,,380,24.6,5.39,6,
LITE,20,0.41,,706.35,11.86,,,,705,62,8.59,9,
AA,6,0.4,,56.45,23.25,,,,56,2.05,2.83,4,
CDE,12,0.4,,17.67,5.16,,,,17.5,1.1,5.26,6,
NVAX,6,0.4,,9.62,-0.79,,,,9.5,0.39,2.81,4,
FIGR,20,0.39,,34.29,5.68,,,,34,3.1,8.19,9,
AEO,6,0.39,,17.22,10.01,,,,17,0.69,2.73,4,
CELH,6,0.39,,41.51,4.6,,,,41.5,1.13,2.7,3,
NBIS,12,0.39,,117.62,18.23,,,,117,6.55,5.04,6,
DKNG,6,0.39,,23.67,1.28,,,,23.5,0.82,2.75,3,
MRVL,6,0.38,,87.91,16.89,,,,87,3.25,2.66,4,
FIGR,12,0.38,,34.29,5.68,,,,34,2,4.99,6,
AG,12,0.38,,18.27,5.62,,,,18,1.17,4.93,6,
ALAB,12,0.38,,116.04,8.01,,,,115,6.75,4.92,6,
COHR,12,0.38,,253.63,45.56,,,,250,16.1,4.92,6,
CVNA,12,0.38,,281.28,24.19,,,,280,15,4.88,5,
BTDR,20,0.38,,8.11,3.85,,,,8,0.75,7.89,9,
HIMS,20,0.37,,22.02,2.38,,,,22,1.74,7.81,8,
HL,12,0.37,,17.24,3.87,,,,17,1.06,4.76,6,
GNRC,6,0.37,,199.31,44.86,,,,195,9.5,2.6,5,
AMD,6,0.37,,201.33,38.65,,,,200,6.55,2.59,3,
DOCN,12,0.37,,82.65,-0.31,,,,80,6.6,4.78,8,
MU,12,0.36,,422.9,64.24,,,,420,22.7,4.68,5,
KTOS,12,0.36,,84.62,11.82,,,,84,4.6,4.7,5,
COIN,12,0.36,,197.5,55.23,,,,195,11.7,4.66,6,
IREN,27,0.36,,41.29,7.57,,,,41,4.4,9.95,11,
ELF,6,0.36,,72.5,19.68,,,,72,2.35,2.55,3,
EXPE,6,0.36,,235.18,10.48,,,,235,6.15,2.54,3,
CEG,6,0.35,,281.99,46.48,,,,280,8.9,2.45,3,
APP,12,0.35,,442.39,6.31,,,,440,22.5,4.55,5,
BTBT,12,0.35,,1.55,2.79,,,,1.5,0.12,4.52,8,
FCX,12,0.34,,52.09,13.16,,,,52,2.36,4.36,5,
HOOD,12,0.34,,70.89,10.14,,,,70,4,4.39,6,
LITE,27,0.34,,706.35,11.86,,,,700,74,9.58,10,
HIMS,27,0.34,,22.02,2.38,,,,22,2.13,9.58,10,
NVO,6,0.34,,36.53,6.77,,,,36.5,0.91,2.41,2,
HL,6,0.34,,17.24,3.87,,,,16.5,1.15,2.38,7.000000000000001,
IREN,20,0.34,,41.29,7.57,,,,41,3.25,7.17,8,
AGX,27,0.34,,473.85,30.25,,,,470,48.9,9.51,10,
IONQ,20,0.33,,31.2,10.48,,,,31,2.34,6.86,8,
CIEN,20,0.33,,383.89,19.74,,,,380,30.7,6.98,8,
CRCL,20,0.33,,126.03,13.74,,,,125,9.85,7,8,
CCJ,6,0.33,,101.55,11.54,,,,101,2.93,2.34,3,
GLW,12,0.33,,124.58,13.78,,,,123,6.95,4.31,6,
AA,12,0.33,,56.45,23.25,,,,56,2.87,4.29,5,
FTAI,12,0.33,,230.03,3.26,,,,230,9.8,4.25,4,
CEG,12,0.32,,281.99,46.48,,,,280,13.8,4.19,5,
HL,20,0.32,,17.24,3.87,,,,17,1.39,6.67,8,
CLS,12,0.32,,269.1,19.29,,,,265,15.3,4.16,6,
CAVA,6,0.32,,84.27,6.71,,,,84,2.16,2.24,3,
FSLR,6,0.31,,192.82,88.88,,,,192.5,4.55,2.19,2,
BTBT,20,0.31,,1.55,2.79,,,,1.5,0.15,6.45,10,
COHR,20,0.31,,253.63,45.56,,,,250,20.3,6.57,8,
INOD,6,0.31,,43.66,3.31,,,,43,1.6,2.15,4,
CVNA,20,0.31,,281.28,24.19,,,,280,19.3,6.41,7.000000000000001,
BILI,6,0.31,,24.08,5.39,,,,24,0.61,2.2,3,
DELL,12,0.31,,157.67,-3.79,,,,157.5,6.6,4.08,4,
LITE,34,0.31,,706.35,11.86,,,,700,83.2,10.88,12,
ALAB,20,0.3,,116.04,8.01,,,,115,8.45,6.39,7.000000000000001,
LRCX,12,0.3,,228.36,8.11,,,,225,12.35,3.94,5,
CIEN,27,0.3,,383.89,19.74,,,,380,36.3,8.44,9,
COHR,27,0.3,,253.63,45.56,,,,250,24.7,8.31,10,
CRCL,27,0.3,,126.03,13.74,,,,125,11.55,8.35,9,
BTDR,34,0.3,,8.11,3.85,,,,8,0.95,10.36,12,
CVNA,27,0.3,,281.28,24.19,,,,280,24.65,8.31,9,
AG,27,0.3,,18.27,5.62,,,,18,1.79,8.32,10,
CDE,27,0.3,,17.67,5.16,,,,17.5,1.65,8.38,9,
DDOG,12,0.3,,125.08,10.59,,,,125,4.95,3.89,4,
ANF,6,0.29,,87.98,30.74,,,,87,2.75,2.01,3,
FUTU,6,0.29,,135.02,36.62,,,,134,3.75,2.02,3,
DECK,6,0.29,,100.43,18.33,,,,100,2.5,2.06,2,
LITE,41,0.29,,706.35,11.86,,,,700,92.2,12.15,13,
ELF,12,0.29,,72.5,19.68,,,,72,3.2,3.72,4,
GEV,12,0.29,,851.07,41.47,,,,850,32.9,3.74,4,
NBIS,20,0.29,,117.62,18.23,,,,117,7.85,6.15,7.000000000000001,
KTOS,20,0.29,,84.62,11.82,,,,84,5.7,6,7.000000000000001,
APP,20,0.29,,442.39,6.31,,,,440,28.9,5.99,7.000000000000001,
NBIS,27,0.28,,117.62,18.23,,,,115,11.7,7.72,10,
ALAB,27,0.28,,116.04,8.01,,,,115,10.15,7.85,9,
HIMS,55,0.28,,22.02,2.38,,,,22,3.5,15.8,16,
EXPE,12,0.28,,235.18,10.48,,,,235,8.85,3.69,4,
MU,20,0.28,,422.9,64.24,,,,420,27.9,5.91,7.000000000000001,
AMD,12,0.28,,201.33,38.65,,,,200,8.65,3.64,4,
AEO,12,0.27,,17.22,10.01,,,,17,0.82,3.48,5,
IREN,55,0.27,,41.29,7.57,,,,41,6.6,15.28,16,
HIMS,34,0.27,,22.02,2.38,,,,22,2.1,9.45,10,
HSAI,27,0.27,,22.85,9.39,,,,22.5,2.05,7.44,9,
MRVL,12,0.27,,87.91,16.89,,,,87,3.95,3.46,4,
HIMS,41,0.26,,22.02,2.38,,,,22,2.4,10.81,11,
CAVA,12,0.26,,84.27,6.71,,,,84,3.1,3.36,4,
COHR,34,0.26,,253.63,45.56,,,,250,27,9.21,11,
IONQ,34,0.26,,31.2,10.48,,,,31,3.05,9.13,10,
BILI,12,0.26,,24.08,5.39,,,,24,0.9,3.41,4,
AFRM,6,0.26,,43.81,10.68,,,,42,2.61,1.83,6,
LRCX,20,0.26,,228.36,8.11,,,,225,15.6,5.36,7.000000000000001,
AA,20,0.26,,56.45,23.25,,,,56,3.5,5.4,6,
APP,27,0.26,,442.39,6.31,,,,440,34.3,7.21,8,
HL,27,0.26,,17.24,3.87,,,,17,1.5,7.31,9,
HOOD,20,0.26,,70.89,10.14,,,,70,4.8,5.52,7.000000000000001,
DOCN,20,0.26,,82.65,-0.31,,,,80,7.2,5.51,9,
CLS,20,0.26,,269.1,19.29,,,,265,18.8,5.46,7.000000000000001,
COIN,20,0.26,,197.5,55.23,,,,195,13.2,5.42,7.000000000000001,
ALAB,34,0.25,,116.04,8.01,,,,115,11.1,8.67,10,
CIEN,34,0.25,,383.89,19.74,,,,375,42.3,8.7,11,
CVNA,34,0.25,,281.28,24.19,,,,280,25.95,8.77,9,
NBIS,34,0.25,,117.62,18.23,,,,116,11.75,8.61,10,
COIN,27,0.25,,197.5,55.23,,,,195,16.4,7.04,8,
CCJ,12,0.25,,101.55,11.54,,,,100,4.85,3.25,5,
IONQ,27,0.25,,31.2,10.48,,,,30,3.4,7.05,11,
CELH,12,0.25,,41.51,4.6,,,,41,1.86,3.25,4,
MOD,27,0.25,,196.55,21.25,,,,195,15.4,7.05,8,
MU,27,0.25,,422.9,64.24,,,,420,32.65,7.03,8,
[Easy Bid Options List]
Symbol,Expiry,position,LTP,Strike,bid,ask,next_strike,next_bid,next_ask,return%
EGO,118,OTM,31.4,35,2.45,3.3,36,6.5,8.2,10.0

[High Premium Options List]
Symbol,Expiry,Benefit,Rank,LTP,Intrinsic,3Y,ATH,Volatility%,ITM Strike,ITM Bid,ITM Return%,ITM Benefit%,OTM Strike,OTM Bid,OTM Return%,OTM Benefit%,Details
HIMS,6,11.67,,22.02,2.38,,,,22,1.08,4.81,5,40,0.01,81.7,0,
MU,6,11.05,,422.9,64.24,,,,422.5,15.85,3.65,4,750,0.01,77.35,0,
IONQ,27,9.59,,31.2,10.48,,,,30,3.4,7.05,11,115,0.01,268.62,0,
AG,6,8.79,,18.27,5.62,,,,18,0.92,3.56,5,29.5,0.01,61.52,0,
IONQ,6,8.62,,31.2,10.48,,,,31,1.52,4.23,5,50,0.02,60.32,0,
ALAB,27,8.43,,116.04,8.01,,,,115,10.15,7.85,9,390,0.01,236.1,0,
IREN,6,8.21,,41.29,7.57,,,,41,2.23,4.7,5,65,0.01,57.45,0,
BIDU,6,7.6,,114.26,113.42,,,,110,4.95,0.6,4,175,0.01,53.17,0,
COIN,6,7.41,,197.5,55.23,,,,197.5,7.65,3.87,4,300,0.01,51.9,0,
ELF,6,7.39,,72.5,19.68,,,,72,2.35,2.55,3,110,0.01,51.74,0,
CVNA,12,7.35,,281.28,24.19,,,,280,15,4.88,5,550,0.02,95.54,0,
HOOD,6,6.88,,70.89,10.14,,,,70,3.05,3.05,4,105,0.01,48.13,0,
HL,6,6.85,,17.24,3.87,,,,16.5,1.15,2.38,7.000000000000001,25.5,0.01,47.97,0,
DKNG,6,6.84,,23.67,1.28,,,,23.5,0.82,2.75,3,35,0.01,47.91,0,
DUOL,89,6.82,,98.05,28.89,,,,95,16.7,13.92,17,700,0.05,613.97,0,
CRCL,6,6.69,,126.03,13.74,,,,126,5.65,4.46,4,185,0.03,46.81,0,
NEM,6,6.59,,95.8,31.11,,,,93,4.05,1.3,4,140,0.01,46.15,0,
AG,12,6.42,,18.27,5.62,,,,18,1.17,4.93,6,33.5,0.02,83.47,0,
CELH,6,6.02,,41.51,4.6,,,,41.5,1.13,2.7,3,59,0.01,42.16,0,
MU,12,5.95,,422.9,64.24,,,,420,22.7,4.68,5,750,0.01,77.35,0,
HIMS,55,5.92,,22.02,2.38,,,,22,3.5,15.8,16,95,0.08,331.79,0,
FICO,27,5.77,,1127.62,-76.09,,,,1120,77,6.15,7.000000000000001,2950,0.05,161.62,0,
KGC,6,5.64,,26.54,7.15,,,,20,5.7,0,21,37,0.01,39.45,0,
CVNA,27,5.57,,281.28,24.19,,,,280,24.65,8.31,9,720,0.02,155.98,0,
COIN,55,5.45,,197.5,55.23,,,,195,24.05,10.91,12,800,0.01,305.07,0,
ALAB,6,5.42,,116.04,8.01,,,,116,4.7,4.02,4,160,0.05,37.93,0,
NVO,6,5.27,,36.53,6.77,,,,36.5,0.91,2.41,2,50,0.01,36.9,0,
NBIS,6,5.15,,117.62,18.23,,,,116,6.25,3.94,5,160,0.03,36.06,0,
COHR,6,5.15,,253.63,45.56,,,,252.5,10,3.5,4,345,0.1,36.06,0,
LITE,6,4.94,,706.35,11.86,,,,705,35.2,4.79,5,950,0.4,34.55,0,
AEO,6,4.8,,17.22,10.01,,,,17,0.69,2.73,4,23,0.01,33.62,0,
LITE,12,4.73,,706.35,11.86,,,,705,48.2,6.63,7.000000000000001,1140,0.35,61.44,0,
NCLH,6,4.57,,18.95,4.85,,,,18.5,1.01,2.96,5,25,0.01,31.98,0,
COIN,27,4.57,,197.5,55.23,,,,195,16.4,7.04,8,450,0.01,127.85,0,
HIMS,12,4.56,,22.02,2.38,,,,22,1.45,6.49,7.000000000000001,35,0.08,59.31,0,
HIMS,27,4.55,,22.02,2.38,,,,22,2.13,9.58,10,50,0.09,127.48,0,
HOOD,27,4.49,,70.89,10.14,,,,70,5.55,6.57,8,160,0.01,125.72,0,
AG,27,4.45,,18.27,5.62,,,,18,1.79,8.32,10,41,0.03,124.58,0,
IREN,12,4.42,,41.29,7.57,,,,41,3,6.56,7.000000000000001,65,0.03,57.5,0,
GLW,6,4.35,,124.58,13.78,,,,124,4.45,3.11,4,162.5,0.05,30.48,0,
NVAX,12,4.33,,9.62,-0.79,,,,9.5,0.23,1.14,2,15,0.04,56.34,0,
KTOS,6,4.29,,84.62,11.82,,,,84,3.8,3.76,4,110,0.05,30.05,0,
AFRM,12,4.25,,43.81,10.68,,,,42,3.15,3.06,7.000000000000001,68,0.03,55.28,0,
HOOD,12,4.24,,70.89,10.14,,,,70,4,4.39,6,110,0.01,55.18,0,
BTBT,6,4.24,,1.55,2.79,,,,0.5,0.79,0,51,2,0.01,29.68,1,
HIMS,89,4.19,,22.02,2.38,,,,22,4.1,18.53,19,105,0.02,376.93,0,
AMD,6,4.16,,201.33,38.65,,,,200,6.55,2.59,3,260,0.01,29.15,0,
MU,27,4.11,,422.9,64.24,,,,420,32.65,7.03,8,910,0.01,115.18,0,
CVNA,6,4,,281.28,24.19,,,,280,10.8,3.38,4,360,0.05,28,0,
BTBT,55,3.99,,1.55,2.79,,,,1.5,0.24,12.26,15,5,0.01,223.23,1,
CDE,6,3.95,,17.67,5.16,,,,17.5,0.75,3.28,4,22.5,0.05,27.62,0,
HIMS,20,3.89,,22.02,2.38,,,,22,1.74,7.81,8,40,0.01,81.7,0,
NVAX,27,3.86,,9.62,-0.79,,,,9,1.17,5.72,12,20,0.02,108.11,0,
COIN,89,3.84,,197.5,55.23,,,,195,28.1,12.96,14.000000000000002,880,0.01,345.57,0,
AG,20,3.84,,18.27,5.62,,,,17,1.99,3.94,11,33,0.01,80.68,0,
COIN,12,3.8,,197.5,55.23,,,,195,11.7,4.66,6,295,0.02,49.38,0,
CLS,6,3.77,,269.1,19.29,,,,267.5,10.1,3.16,4,340,0.1,26.38,0,
NVO,27,3.76,,36.53,6.77,,,,35,2.23,1.92,6,75,0.01,105.34,0,
LYFT,6,3.76,,13.47,8.17,,,,3,9.55,0,71,17,0.02,26.35,0,
HL,12,3.69,,17.24,3.87,,,,17,1.06,4.76,6,25.5,0.02,48.03,0,
CRCL,27,3.66,,126.03,13.74,,,,125,11.55,8.35,9,255,0.01,102.34,0,
CRCL,12,3.61,,126.03,13.74,,,,126,7.25,5.73,6,185,0.2,46.95,0,
MRVL,6,3.59,,87.91,16.89,,,,87,3.25,2.66,4,110,0.01,25.14,0,
NVAX,6,3.58,,9.62,-0.79,,,,9.5,0.39,2.81,4,12,0.03,25.05,0,
LRCX,6,3.55,,228.36,8.11,,,,227.5,8.55,3.37,4,285,0.05,24.82,0,
FCX,6,3.54,,52.09,13.16,,,,52,1.76,3.21,3,65,0.01,24.8,0,
DUOL,55,3.5,,98.05,28.89,,,,95,14.3,11.47,15,290,0.1,195.87,0,
APP,6,3.48,,442.39,6.31,,,,440,17.2,3.35,4,550,0.1,24.35,0,
CEG,6,3.45,,281.99,46.48,,,,280,8.9,2.45,3,350,0.05,24.14,0,
CCJ,6,3.44,,101.55,11.54,,,,101,2.93,2.34,3,126,0.03,24.11,0,
NBIS,12,3.43,,117.62,18.23,,,,117,6.55,5.04,6,170,0.07,44.59,0,
AA,6,3.43,,56.45,23.25,,,,56,2.05,2.83,4,70,0.02,24.04,0,
IONQ,12,3.41,,31.2,10.48,,,,31,2,5.77,6,45,0.04,44.36,0,
FCX,12,3.38,,52.09,13.16,,,,52,2.36,4.36,5,75,0.01,44,0,
DFDV,6,3.35,,4.09,8.8,,,,4,0.1,0.24,2,5,0.05,23.47,1,
AMD,27,3.35,,201.33,38.65,,,,200,12.5,5.55,6,390,0.01,93.72,0,
IREN,20,3.31,,41.29,7.57,,,,41,3.25,7.17,8,70,0.02,69.58,0,
HOOD,20,3.3,,70.89,10.14,,,,70,4.8,5.52,7.000000000000001,120,0.02,69.3,0,
FIGR,6,3.23,,34.29,5.68,,,,33,2.4,3.24,7.000000000000001,42,0.05,22.63,0,
CEG,12,3.22,,281.99,46.48,,,,280,13.8,4.19,5,400,0.05,41.87,0,
DUOL,6,3.21,,98.05,28.89,,,,98,3.2,3.21,3,120,0.05,22.44,0,
MUX,27,3.19,,18.51,9.84,,,,16,2.05,0,11,35,0.05,89.36,0,
IONQ,89,3.16,,31.2,10.48,,,,30,5.95,15.22,19,120,0.03,284.71,0,
NOK,27,3.15,,7.98,4.35,,,,7,1.05,0.88,13,15,0.01,88.1,0,
MU,20,3.12,,422.9,64.24,,,,420,27.9,5.91,7.000000000000001,700,0.04,65.53,0,
FICO,55,3.12,,1127.62,-76.09,,,,860,288,1.81,26,3100,0.05,174.92,0,
INOD,6,3.07,,43.66,3.31,,,,43,1.6,2.15,4,53,0.05,21.51,0,
DFDV,27,3.02,,4.09,8.8,,,,2.5,1.45,0,35,7.5,0.05,84.6,1,
AMD,12,3.01,,201.33,38.65,,,,200,8.65,3.64,4,280,0.01,39.08,0,
AFRM,6,3.01,,43.81,10.68,,,,42,2.61,1.83,6,53,0.05,21.09,0,
IREN,55,2.98,,41.29,7.57,,,,41,6.6,15.28,16,110,0.1,166.65,0,
FIGR,27,2.95,,34.29,5.68,,,,32.5,3.7,5.57,11,62.5,0.15,82.71,0,
AA,12,2.94,,56.45,23.25,,,,56,2.87,4.29,5,78,0.01,38.19,0,
GNRC,6,2.93,,199.31,44.86,,,,195,9.5,2.6,5,240,0.2,20.52,0,
BILI,6,2.92,,24.08,5.39,,,,24,0.61,2.2,3,29,0.01,20.47,0,
ALAB,12,2.92,,116.04,8.01,,,,115,6.75,4.92,6,160,0.1,37.97,0,
NOK,12,2.92,,7.98,4.35,,,,1,6.6,0,83,11,0.01,37.97,0,
ELF,12,2.92,,72.5,19.68,,,,72,3.2,3.72,4,100,0.05,38,0,
AMD,55,2.92,,201.33,38.65,,,,200,18.9,8.73,9,530,0.01,163.25,0,
CCJ,12,2.91,,101.55,11.54,,,,100,4.85,3.25,5,140,0.01,37.87,0,
CLS,12,2.89,,269.1,19.29,,,,265,15.3,4.16,6,370,0.1,37.53,0,
GEV,6,2.84,,851.07,41.47,,,,850,25.8,2.91,3,1020,0.05,19.86,0,
CRCL,89,2.81,,126.03,13.74,,,,125,19.7,14.81,16,445,0.12,253.19,0,
GLW,12,2.81,,124.58,13.78,,,,123,6.95,4.31,6,170,0.01,36.47,0,
AMD,20,2.81,,201.33,38.65,,,,200,10.65,4.63,5,320,0.01,58.95,0,
IONQ,55,2.8,,31.2,10.48,,,,30,4.95,12.02,16,80,0.06,156.6,0,
CVNA,55,2.79,,281.28,24.19,,,,280,36.05,12.36,13,720,0.03,155.98,0,
LMB,27,2.77,,70.48,16.83,,,,70,3.2,3.86,5,125,0.15,77.57,0,
AA,27,2.76,,56.45,23.25,,,,55,5.25,6.73,9,100,0.01,77.17,0,
KTOS,27,2.76,,84.62,11.82,,,,80,9.6,5.89,11,150,0.1,77.38,0,
AFRM,27,2.75,,43.81,10.68,,,,42.5,4.3,6.82,10,77.5,0.01,76.92,0,
NEM,12,2.75,,95.8,31.11,,,,90,6.9,1.15,7.000000000000001,130,0.06,35.76,0,
NOK,6,2.74,,7.98,4.35,,,,1,6.6,0,83,9.5,0.01,19.17,0,
APP,12,2.74,,442.39,6.31,,,,440,22.5,4.55,5,600,0.05,35.64,0,
DKNG,12,2.71,,23.67,1.28,,,,23,1.26,2.49,5,32,0.01,35.23,0,
AU,27,2.68,,79.99,16.02,,,,75,9.6,5.76,12,140,0.1,75.15,0,
CAVA,6,2.67,,84.27,6.71,,,,84,2.16,2.24,3,100,0.01,18.68,0,
CIEN,6,2.66,,383.89,19.74,,,,380,18.4,3.78,5,455,0.45,18.64,0,
HL,27,2.65,,17.24,3.87,,,,17,1.5,7.31,9,30,0.05,74.3,0,
DKNG,89,2.64,,23.67,1.28,,,,23,2.91,9.46,12,80,0.01,238.02,0,
NVO,12,2.63,,36.53,6.77,,,,36,1.29,2.08,4,49,0.01,34.16,0,
NVO,55,2.61,,36.53,6.77,,,,35,3.05,4.16,8,90,0.01,146.4,0,
COIN,20,2.59,,197.5,55.23,,,,195,13.2,5.42,7.000000000000001,305,0.09,54.48,0,
BTDR,6,2.54,,8.11,3.85,,,,8,0.5,4.81,6,9.5,0.05,17.76,1,
CIEN,12,2.54,,383.89,19.74,,,,380,24.6,5.39,6,510,0.7,33.03,0,
DUOL,12,2.51,,98.05,28.89,,,,95,6,3.01,6,130,0.05,32.64,0,
CDE,27,2.5,,17.67,5.16,,,,17.5,1.65,8.38,9,30,0.05,70.06,0,
BNC,89,2.49,,3.1,10.7,,,,2.5,0.45,0,15,10,0.05,224.19,2,
AFRM,55,2.49,,43.81,10.68,,,,42.5,6.4,11.62,15,105,0.01,139.69,0,
KGC,12,2.46,,26.54,7.15,,,,26,1.3,2.86,5,35,0.03,31.99,0,
EXPE,12,2.45,,235.18,10.48,,,,235,8.85,3.69,4,310,0.03,31.83,0,
GLW,27,2.45,,124.58,13.78,,,,120,11,5.15,9,210,0.05,68.61,0,
FIGR,12,2.44,,34.29,5.68,,,,34,2,4.99,6,45,0.15,31.67,0,
IONQ,20,2.42,,31.2,10.48,,,,31,2.34,6.86,8,47,0.08,50.9,0,
ALAB,20,2.42,,116.04,8.01,,,,115,8.45,6.39,7.000000000000001,175,0.01,50.82,0,
MU,34,2.41,,422.9,64.24,,,,420,35.4,7.69,8,780,0.05,84.45,0,
NOK,20,2.4,,7.98,4.35,,,,2,5.65,0,71,12,0.01,50.5,0,
LITE,20,2.39,,706.35,11.86,,,,705,62,8.59,9,1060,0.7,50.17,0,
NEM,27,2.39,,95.8,31.11,,,,95,5.9,5.32,6,160,0.01,67.03,0,
DUOL,300,2.38,,98.05,28.89,,,,95,29.6,27.08,30,800,0.55,716.47,1,
BILI,27,2.36,,24.08,5.39,,,,24,1.37,5.36,6,40,0.01,66.15,0,
FTAI,12,2.34,,230.03,3.26,,,,230,9.8,4.25,4,300,0.1,30.46,0,
HOOD,89,2.34,,70.89,10.14,,,,70,10.1,12.99,14.000000000000002,220,0.01,210.35,0,
BTBT,12,2.33,,1.55,2.79,,,,1.5,0.12,4.52,8,2,0.02,30.32,1,
BTDR,89,2.32,,8.11,3.85,,,,7.5,1.8,14.67,22,25,0.05,208.88,1,
BTDR,12,2.31,,8.11,3.85,,,,8,0.6,6.04,7.000000000000001,10.5,0.05,30.09,1,
AFRM,20,2.3,,43.81,10.68,,,,30,13.1,0,30,65,0.01,48.39,0,
HL,20,2.28,,17.24,3.87,,,,17,1.39,6.67,8,25.5,0.01,47.97,0,
CDE,55,2.27,,17.67,5.16,,,,17.5,2.3,12.05,13,40,0.1,126.94,1,
LYFT,27,2.26,,13.47,8.17,,,,13,0.87,2.97,6,22,0.01,63.4,0,
CELH,27,2.24,,41.51,4.6,,,,40,3.3,4.31,8,67.5,0.05,62.73,0,
BMA,27,2.24,,67.69,5.87,,,,65,3.6,1.34,5,110,0.05,62.58,0,
KTOS,55,2.23,,84.62,11.82,,,,82.5,11.8,11.44,14.000000000000002,190,0.1,124.65,0,
ETSY,6,2.22,,52.84,-11.32,,,,52,1.67,1.57,3,61,0.05,15.54,0,
LITE,27,2.2,,706.35,11.86,,,,700,74,9.58,10,1140,1,61.53,0,
FIGR,20,2.19,,34.29,5.68,,,,34,3.1,8.19,9,50,0.05,45.96,0,
FTAI,6,2.18,,230.03,3.26,,,,230,7.8,3.38,3,265,0.1,15.25,0,
ALAB,89,2.14,,116.04,8.01,,,,115,18.75,15.26,16,340,0.02,193.02,0,
FIGR,55,2.13,,34.29,5.68,,,,32.5,5.2,9.94,15,75,0.15,119.16,0,
NBIS,20,2.12,,117.62,18.23,,,,117,7.85,6.15,7.000000000000001,170,0.05,44.58,0,
CDE,12,2.12,,17.67,5.16,,,,17.5,1.1,5.26,6,22.5,0.05,27.62,0,
FUTU,6,2.12,,135.02,36.62,,,,134,3.75,2.02,3,155,0.01,14.81,0,
HUM,55,2.1,,169.9,146.42,,,,165,17.5,7.42,10,370,0.1,117.83,0,
HIMS,34,2.09,,22.02,2.38,,,,22,2.1,9.45,10,38,0.12,73.12,1,
NVO,89,2.08,,36.53,6.77,,,,35,3.75,6.08,10,105,0.01,187.46,0,
MUX,55,2.08,,18.51,9.84,,,,10,7.6,0,41,40,0.05,116.37,0,
IREN,27,2.07,,41.29,7.57,,,,41,4.4,9.95,11,65,0.22,57.96,1,
CCJ,27,2.06,,101.55,11.54,,,,100,7.45,5.81,7.000000000000001,160,0.05,57.61,0,
MU,55,2.06,,422.9,64.24,,,,420,46.85,10.39,11,910,0.2,115.23,0,
HL,89,2.05,,17.24,3.87,,,,17,2.54,13.34,15,49,0.08,184.69,0,
DUOL,20,2.04,,98.05,28.89,,,,95,7.7,4.74,8,140,0.05,42.84,0,
LYFT,12,2.03,,13.47,8.17,,,,13,0.55,0.59,4,17,0.02,26.35,0,
BTGO,27,2.03,,9.66,3.36,,,,5,4.1,0,42,15,0.15,56.83,2,
AGI,27,2.03,,38.27,10.59,,,,38,2.7,6.35,7.000000000000001,60,0.05,56.91,0,
FSLR,6,2.02,,192.82,88.88,,,,192.5,4.55,2.19,2,220,0.11,14.15,0,
IREN,34,1.99,,41.29,7.57,,,,40,4.75,8.38,12,70,0.01,69.56,0,
DKNG,55,1.99,,23.67,1.28,,,,22.5,2.75,6.68,12,50,0.01,111.28,0,
HOOD,55,1.99,,70.89,10.14,,,,70,8.3,10.45,12,150,0.05,111.67,0,
FUTU,12,1.99,,135.02,36.62,,,,125,10.4,0.28,8,170,0.03,25.93,0,
BTDR,27,1.96,,8.11,3.85,,,,7.5,1.15,6.66,14.000000000000002,12.5,0.05,54.75,1,
MKSI,27,1.94,,227.13,40.46,,,,220,20,5.67,9,350,0.3,54.23,0,
MRVL,12,1.93,,87.91,16.89,,,,87,3.95,3.46,4,110,0.01,25.14,0,
DDOG,6,1.93,,125.08,10.59,,,,125,3.65,2.85,3,142,0.01,13.54,0,
KGC,55,1.92,,26.54,7.15,,,,26,2.5,7.39,9,55,0.02,107.31,0,
ACMR,55,1.91,,43.55,22.32,,,,40,7.2,8.38,17,90,0.05,106.77,0,
FCX,27,1.91,,52.09,13.16,,,,50,4.05,3.76,8,80,0.01,53.6,0,
INOD,55,1.91,,43.66,3.31,,,,40,6.9,7.42,16,90,0.25,106.71,1,
DUOL,27,1.9,,98.05,28.89,,,,95,9.1,6.17,9,150,0.1,53.09,0,
COIN,181,1.9,,197.5,55.23,,,,195,39.7,18.84,20,880,0.09,345.62,0,
CENX,27,1.9,,48.97,8.14,,,,48,3.9,5.98,8,75,0.05,53.26,0,
CRCL,20,1.87,,126.03,13.74,,,,125,9.85,7,8,175,0.54,39.28,0,
COHR,12,1.87,,253.63,45.56,,,,250,16.1,4.92,6,315,0.15,24.26,0,
MNKD,55,1.87,,2.47,-0.17,,,,2,0.2,0,8,5,0.05,104.45,2,
KTOS,12,1.86,,84.62,11.82,,,,84,4.6,4.7,5,105,0.1,24.2,0,
IREN,89,1.86,,41.29,7.57,,,,41,7,16.25,17,110,0.38,167.33,1,
MNDY,55,1.84,,73.85,24.56,,,,70,11.1,9.82,15,150,0.05,103.18,0,
BTBT,300,1.82,,1.55,2.79,,,,1.5,0.5,29.03,32,10,0.05,548.39,3,
COHR,20,1.82,,253.63,45.56,,,,250,20.3,6.57,8,350,0.5,38.19,0,
ALTS,27,1.81,,1.36,12.18,,,,1,0.3,0,22,2,0.05,50.74,4,
FCX,34,1.81,,52.09,13.16,,,,52,3.45,6.45,7.000000000000001,85,0.05,63.28,0,
FSM,89,1.81,,8.57,5.49,,,,7.5,1.65,6.77,19,22.5,0.05,163.13,1,
AMD,89,1.81,,201.33,38.65,,,,200,23.35,10.94,12,530,0.04,163.27,0,
NOK,34,1.8,,7.98,4.35,,,,6.5,0.99,0,12,13,0.01,63.03,0,
AGX,27,1.79,,473.85,30.25,,,,470,48.9,9.51,10,710,1.15,50.08,0,
HOOD,34,1.78,,70.89,10.14,,,,70,5.85,7,8,115,0.01,62.24,0,
LYFT,89,1.78,,13.47,8.17,,,,13,1.68,8.98,12,35,0.01,159.91,0,
INOD,27,1.76,,43.66,3.31,,,,40,5,3.07,11,65,0.15,49.22,0,
FUTU,20,1.76,,135.02,36.62,,,,135,6,4.43,4,185,0.06,37.06,0,
ALAB,55,1.76,,116.04,8.01,,,,115,15.05,12.07,13,230,0.17,98.35,0,
IONQ,34,1.74,,31.2,10.48,,,,31,3.05,9.13,10,50,0.15,60.74,0,
BIDU,27,1.74,,114.26,113.42,,,,110,7.5,2.84,7.000000000000001,170,0.01,48.79,0,
AEO,55,1.74,,17.22,10.01,,,,17,1.6,8.01,9,34,0.02,97.56,0,
CLS,27,1.74,,269.1,19.29,,,,260,26,6.28,10,400,0.05,48.66,0,
BTDR,20,1.73,,8.11,3.85,,,,8,0.75,7.89,9,11,0.05,36.25,1,
KTOS,20,1.73,,84.62,11.82,,,,84,5.7,6,7.000000000000001,115,0.3,36.26,0,
DKNG,27,1.71,,23.67,1.28,,,,22.5,2.11,3.97,9,35,0.02,47.95,0,
HUM,6,1.7,,169.9,146.42,,,,167.5,4.7,1.35,3,190,0.1,11.89,0,
APP,55,1.69,,442.39,6.31,,,,440,55.9,12.1,13,860,0.05,94.41,0,
AXON,27,1.68,,496.27,40.43,,,,490,29.6,4.7,6,730,0.25,47.15,0,
DKNG,20,1.68,,23.67,1.28,,,,23,1.62,4.01,7.000000000000001,32,0.01,35.23,0,
APP,89,1.68,,442.39,6.31,,,,440,65,14.15,15,1110,0.05,150.92,0,
NCLH,12,1.68,,18.95,4.85,,,,15,3.15,0,17,23,0.09,21.85,0,
APP,27,1.68,,442.39,6.31,,,,440,34.3,7.21,8,650,0.2,46.97,0,
FSM,27,1.66,,8.57,5.49,,,,7.5,1.15,0.93,13,12.5,0.05,46.44,1,
COHR,27,1.65,,253.63,45.56,,,,250,24.7,8.31,10,370,0.5,46.08,0,
FCX,20,1.64,,52.09,13.16,,,,52,2.49,4.61,5,70,0.01,34.4,0,
ETSY,12,1.63,,52.84,-11.32,,,,51,2.91,2.02,6,64,0.01,21.14,0,
CRNC,55,1.62,,6.84,3.34,,,,6,1.4,8.19,20,13,0.05,90.79,1,
FSLR,27,1.62,,192.82,88.88,,,,190,11.45,4.48,6,280,0.05,45.24,0,
ERO,55,1.62,,23.59,8.98,,,,22.5,2.85,7.46,12,45,0.05,90.97,0,
DELL,6,1.61,,157.67,-3.79,,,,157.5,5,3.06,3,175,0.44,11.27,0,
AMD,34,1.61,,201.33,38.65,,,,200,13.7,6.14,7.000000000000001,315,0.03,56.47,0,
NBIS,27,1.61,,117.62,18.23,,,,115,11.7,7.72,10,170,0.58,45.03,0,
CELH,12,1.59,,41.51,4.6,,,,41,1.86,3.25,4,50,0.1,20.69,0,
NOK,55,1.58,,7.98,4.35,,,,7,1.13,1.88,14.000000000000002,15,0.02,88.22,0,
HUM,27,1.58,,169.9,146.42,,,,165,12.5,4.47,7.000000000000001,245,0.05,44.23,0,
LRCX,12,1.57,,228.36,8.11,,,,225,12.35,3.94,5,275,0.01,20.43,0,
HMY,55,1.57,,13.32,4.96,,,,13,1.15,6.23,9,25,0.05,88.06,0,
EGO,27,1.56,,31.4,21.61,,,,31,2.05,5.25,7.000000000000001,45,0.1,43.63,0,
ACMR,27,1.56,,43.55,22.32,,,,40,5.4,4.25,12,62.5,0.1,43.74,0,
IONQ,181,1.56,,31.2,10.48,,,,30,7.55,20.35,24,120,0.05,284.78,0,
COIN,34,1.56,,197.5,55.23,,,,195,17.3,7.49,9,305,0.23,54.55,0,
CELH,20,1.55,,41.51,4.6,,,,30,10.25,0,25,55,0.02,32.55,0,
AFRM,89,1.55,,43.81,10.68,,,,42.5,7.4,13.9,17,105,0.02,139.72,0,
KGC,27,1.55,,26.54,7.15,,,,26,1.81,4.79,7.000000000000001,38,0.06,43.41,0,
IAG,27,1.55,,16.07,7.09,,,,16,1.15,6.72,7.000000000000001,23,0.05,43.43,0,
APP,20,1.54,,442.39,6.31,,,,440,28.9,5.99,7.000000000000001,585,0.05,32.25,0,
ELF,55,1.54,,72.5,19.68,,,,70,8.05,7.66,11,135,0.01,86.22,0,
DDOG,12,1.54,,125.08,10.59,,,,125,4.95,3.89,4,150,0.1,20,0,
KTOS,34,1.54,,84.62,11.82,,,,84,7.1,7.66,8,130,0.25,53.92,0,
GEV,12,1.53,,851.07,41.47,,,,850,32.9,3.74,4,1020,0.3,19.88,0,
AMSC,27,1.53,,28.74,11.28,,,,28,2.4,5.78,8,41,0.05,42.83,0,
EXPE,6,1.52,,235.18,10.48,,,,235,6.15,2.54,3,260,0.14,10.61,0,
NCLH,27,1.52,,18.95,4.85,,,,18,1.81,4.54,10,27,0.01,42.53,0,
CVNA,20,1.52,,281.28,24.19,,,,280,19.3,6.41,7.000000000000001,370,0.79,31.82,0,
IPI,27,1.52,,38.76,37.42,,,,38,2.4,4.23,6,55,0.25,42.54,1,
CHRS,153,1.51,,1.52,0.5,,,,1.5,0.05,1.97,3,5,0.05,232.24,3,
ASM,27,1.5,,5.35,1.44,,,,5,0.65,5.61,12,7.5,0.1,42.06,2,
AA,20,1.49,,56.45,23.25,,,,56,3.5,5.4,6,74,0.07,31.21,0,
BTDR,181,1.49,,8.11,3.85,,,,7.5,2.45,22.69,30,30,0.15,271.76,2,
NVO,300,1.49,,36.53,6.77,,,,35,6.55,13.74,18,200,0.06,447.66,0,
ANF,6,1.48,,87.98,30.74,,,,87,2.75,2.01,3,97,0.1,10.37,0,
ELF,20,1.48,,72.5,19.68,,,,70,4.9,3.31,7.000000000000001,95,0.03,31.08,0,
NEM,55,1.48,,95.8,31.11,,,,95,8,7.52,8,175,0.01,82.68,0,
FCX,55,1.47,,52.09,13.16,,,,50,5.4,6.35,10,95,0.01,82.4,0,
BTBT,20,1.47,,1.55,2.79,,,,1.5,0.15,6.45,10,2,0.03,30.97,2,
MRVL,20,1.47,,87.91,16.89,,,,87,4.35,3.91,5,115,0.02,30.84,0,
HL,34,1.46,,17.24,3.87,,,,17,1.46,7.08,8,26,0.03,50.99,0,
ALAB,34,1.46,,116.04,8.01,,,,115,11.1,8.67,10,175,0.19,50.97,0,
CAVA,12,1.45,,84.27,6.71,,,,84,3.1,3.36,4,100,0.13,18.82,0,
LRCX,27,1.44,,228.36,8.11,,,,220,20.1,5.14,9,320,0.3,40.26,0,
COHR,34,1.44,,253.63,45.56,,,,250,27,9.21,11,380,1.8,50.53,1,
CLS,20,1.44,,269.1,19.29,,,,265,18.8,5.46,7.000000000000001,350,0.45,30.23,0,
CELH,89,1.43,,41.51,4.6,,,,40,5.85,10.46,14.000000000000002,95,0.05,128.98,0,
ETSY,55,1.43,,52.84,-11.32,,,,50,6.4,6.74,12,95,0.01,79.81,0,
INSP,27,1.42,,53.72,27.33,,,,40,13.9,0.34,26,75,0.05,39.71,0,
ELF,89,1.42,,72.5,19.68,,,,70,10.7,11.31,15,165,0.06,127.67,0,
DELL,27,1.41,,157.67,-3.79,,,,155,10.4,4.9,7.000000000000001,220,0.04,39.56,0,
BIDU,12,1.41,,114.26,113.42,,,,114,3.4,2.75,3,135,0.14,18.27,0,
CDE,89,1.41,,17.67,5.16,,,,17.5,2.8,14.88,16,40,0.15,127.22,1,
HUBS,27,1.4,,258.81,39.32,,,,250,21.3,4.83,8,360,0.2,39.18,0,
LRCX,20,1.4,,228.36,8.11,,,,225,15.6,5.36,7.000000000000001,295,0.32,29.32,0,
HBM,27,1.38,,18.08,8.14,,,,17.5,1.45,4.81,8,25,0.05,38.55,0,
CCJ,55,1.38,,101.55,11.54,,,,100,10.15,8.47,10,180,0.01,77.26,0,
HIMS,272,1.38,,22.02,2.38,,,,20,7.8,26.25,35,105,0.09,377.25,0,
CEG,55,1.38,,281.99,46.48,,,,280,26.2,8.59,9,500,0.05,77.33,0,
CEG,27,1.37,,281.99,46.48,,,,280,18.7,5.93,7.000000000000001,390,0.1,38.34,0,
DKNG,34,1.37,,23.67,1.28,,,,22,2.49,3.46,11,35,0.01,47.91,0,
ELF,27,1.36,,72.5,19.68,,,,70,6.1,4.97,8,100,0.05,38,0,
GLW,20,1.36,,124.58,13.78,,,,124,6.75,4.95,5,160,0.09,28.5,0,
BYRN,27,1.35,,9.11,2.9,,,,5,3.6,0,40,12.5,0.05,37.76,1,
FSM,55,1.35,,8.57,5.49,,,,7.5,1.45,4.43,17,15,0.05,75.61,1,
MOD,27,1.35,,196.55,21.25,,,,195,15.4,7.05,8,270,1.1,37.93,1,
CVNA,89,1.34,,281.28,24.19,,,,280,43.85,15.13,16,620,0.02,120.43,0,
BIDU,55,1.34,,114.26,113.42,,,,110,9.65,4.72,8,200,0.1,75.13,0,
APP,34,1.34,,442.39,6.31,,,,440,35,7.37,8,650,0.05,46.94,0,
COHR,55,1.32,,253.63,45.56,,,,250,37.5,13.35,15,440,1.7,74.15,1,
IONQ,118,1.32,,31.2,10.48,,,,30,6.35,16.51,20,80,0.28,157.31,1,
FIX,27,1.32,,1356.75,69.73,,,,1340,100.1,6.14,7.000000000000001,1860,0.05,37.1,0,
BTDR,300,1.32,,8.11,3.85,,,,7.5,2.75,26.39,34,40,0.3,396.92,4,
FIGR,34,1.32,,34.29,5.68,,,,32,4.5,6.45,13,50,0.1,46.11,0,
HOOD,41,1.32,,70.89,10.14,,,,70,6.65,8.13,9,110,0.19,55.44,0,
HUM,89,1.31,,169.9,146.42,,,,160,22.5,7.42,13,370,0.1,117.83,0,
LXU,27,1.31,,14.66,7.25,,,,12.5,2.4,1.64,16,20,0.05,36.77,0,
GCT,27,1.31,,40.31,13.16,,,,40,2.85,6.3,7.000000000000001,55,0.1,36.69,0,
CAVA,27,1.3,,84.27,6.71,,,,80,7.25,3.54,9,115,0.05,36.53,0,
COIN,41,1.3,,197.5,55.23,,,,195,18.65,8.18,9,305,0.43,54.65,0,
ANF,27,1.3,,87.98,30.74,,,,85,6.7,4.23,8,120,0.05,36.45,0,
LITE,34,1.3,,706.35,11.86,,,,700,83.2,10.88,12,1020,8,45.54,1,
FSLR,12,1.29,,192.82,88.88,,,,190,8,2.69,4,225,0.12,16.75,0,
NBIS,34,1.29,,117.62,18.23,,,,116,11.75,8.61,10,170,0.91,45.31,1,
MNDY,27,1.28,,73.85,24.56,,,,70,7.5,4.94,10,100,0.35,35.88,0,
MU,41,1.28,,422.9,64.24,,,,420,39.4,8.63,9,650,1.12,53.97,0,
FBIO,118,1.28,,2.99,1.8,,,,2.5,0.75,8.7,25,7.5,0.05,152.51,2,
AEO,12,1.28,,17.22,10.01,,,,17,0.82,3.48,5,20,0.08,16.61,0,
MU,89,1.28,,422.9,64.24,,,,420,59.3,13.34,14.000000000000002,910,1.28,115.48,0,
COIN,272,1.27,,197.5,55.23,,,,195,48.6,23.34,25,880,0.45,345.8,0,
HMY,27,1.27,,13.32,4.96,,,,13,1.1,5.86,8,18,0.05,35.51,0,
BILI,12,1.27,,24.08,5.39,,,,24,0.9,3.41,4,28,0.07,16.57,0,
HIMS,300,1.27,,22.02,2.38,,,,22,7.55,34.2,34,105,1.05,381.61,5,
NXT,27,1.27,,114.39,14.49,,,,110,9,4.03,8,155,0.1,35.59,0,
APP,118,1.27,,442.39,6.31,,,,440,74,16.19,17,1110,0.1,150.93,0,
LYFT,55,1.27,,13.47,8.17,,,,13,1.48,7.5,11,23,0.02,70.9,0,
NBIS,55,1.26,,117.62,18.23,,,,115,16.75,12.01,14.000000000000002,200,0.55,70.51,0,
AMD,118,1.25,,201.33,38.65,,,,200,26.45,12.48,13,500,0.13,148.41,0,
LYFT,20,1.25,,13.47,8.17,,,,13,0.77,2.23,6,17,0.01,26.28,0,
CPSH,27,1.25,,3.74,1.37,,,,2.5,0.9,0,24,5,0.05,35.03,1,
FSM,153,1.25,,8.57,5.49,,,,7.5,1.9,9.68,22,25,0.05,192.3,1,
NVO,20,1.24,,36.53,6.77,,,,36,1.45,2.52,4,46,0.05,26.06,0,
NCLH,89,1.24,,18.95,4.85,,,,18,2.72,9.34,14.000000000000002,40,0.03,111.24,0,
DUOL,34,1.23,,98.05,28.89,,,,95,9,6.07,9,140,0.25,43.04,0,
ANF,12,1.23,,87.98,30.74,,,,87,3.7,3.09,4,102,0.1,16.05,0,
IDR,55,1.22,,26.73,4.92,,,,20,6.9,0.64,26,45,0.05,68.54,0,
HNRG,27,1.21,,15.72,3.65,,,,15,1.45,4.64,9,21,0.05,33.91,0,
CVNA,34,1.21,,281.28,24.19,,,,280,25.95,8.77,9,400,0.81,42.5,0,
MNDY,153,1.2,,73.85,24.56,,,,70,16.3,16.86,22,210,0.5,185.04,1,
CIEN,27,1.2,,383.89,19.74,,,,380,36.3,8.44,9,510,3.2,33.68,1,
BILI,89,1.2,,24.08,5.39,,,,24,2.62,10.55,11,50,0.08,107.97,0,
AA,34,1.2,,56.45,23.25,,,,55,5.5,7.17,10,80,0.12,41.93,0,
FUTU,27,1.19,,135.02,36.62,,,,135,6.8,5.02,5,180,0.05,33.35,0,
HIMS,41,1.19,,22.02,2.38,,,,22,2.4,10.81,11,33,0.01,49.91,0,
HNRG,55,1.18,,15.72,3.65,,,,15,1.85,7.19,12,26,0.15,66.35,1,
GOLD,55,1.18,,42.26,26.26,,,,40,4.9,6.25,12,70,0.15,66,0,
HOOD,118,1.18,,70.89,10.14,,,,70,11.4,14.83,16,170,0.03,139.85,0,
HOOD,153,1.18,,70.89,10.14,,,,70,12.7,16.66,18,200,0.1,182.27,0,
AMD,41,1.17,,201.33,38.65,,,,200,15.2,6.89,8,300,0.15,49.08,0,
IDR,27,1.17,,26.73,4.92,,,,25,2.75,3.82,10,35,0.5,32.81,2,
IESC,27,1.17,,436.95,48.23,,,,420,38,4.82,9,580,0.05,32.75,0,
MRVL,55,1.16,,87.91,16.89,,,,85,8.4,6.25,10,145,0.1,65.06,0,
HSAI,27,1.16,,22.85,9.39,,,,22.5,2.05,7.44,9,30,0.25,32.39,1,
ETSY,27,1.16,,52.84,-11.32,,,,50,4.5,3.14,9,70,0.06,32.59,0,
AEIS,27,1.16,,317.21,36.05,,,,310,24.8,5.55,8,420,0.1,32.44,0,
COIN,118,1.16,,197.5,55.23,,,,195,31.9,14.89,16,470,0.68,138.32,0,
COIN,300,1.15,,197.5,55.23,,,,195,48.05,23.06,24,880,0.75,345.95,0,
BTCS,27,1.15,,1.55,4.75,,,,1,0.35,0,23,2,0.05,32.26,3,
BTCS,55,1.15,,1.55,4.75,,,,1.5,0.15,6.45,10,2.5,0.05,64.52,3,
DUOL,181,1.14,,98.05,28.89,,,,95,23.1,20.45,24,300,0.8,206.78,1,
NCLH,55,1.14,,18.95,4.85,,,,18,2.32,7.23,12,31,0.02,63.69,0,
CLS,55,1.14,,269.1,19.29,,,,260,38.8,11.04,14.000000000000002,440,1.5,64.07,1,
HUM,20,1.14,,169.9,146.42,,,,165,12.6,4.53,7.000000000000001,210,0.55,23.93,0,
DDOG,20,1.14,,125.08,10.59,,,,125,6.5,5.13,5,155,0.01,23.93,0,
DUOL,153,1.14,,98.05,28.89,,,,95,21.8,19.12,22,270,0.45,175.83,0,
ASM,118,1.13,,5.35,1.44,,,,5,0.8,8.41,15,12.5,0.05,134.58,1,
CRNC,300,1.13,,6.84,3.34,,,,3,3.7,0,54,30,0.15,340.79,2,
BTBT,27,1.13,,1.55,2.79,,,,1.5,0.1,3.23,6,2,0.04,31.61,3,
AMKR,27,1.12,,45.81,18.08,,,,45,3.8,6.53,8,60,0.2,31.41,0,
AMRC,27,1.12,,26.66,20.43,,,,25,2.35,2.59,9,35,0.05,31.47,0,
NVO,118,1.12,,36.53,6.77,,,,35,4.3,7.58,12,85,0.05,132.82,0,
KRMN,27,1.12,,99.38,2.79,,,,95,10.7,6.36,11,130,0.6,31.41,1,
ALAB,181,1.11,,116.04,8.01,,,,115,26.85,22.24,23,350,1,202.48,1,
CIEN,20,1.11,,383.89,19.74,,,,380,30.7,6.98,8,470,3.6,23.37,1,
DELL,12,1.11,,157.67,-3.79,,,,157.5,6.6,4.08,4,180,0.49,14.47,0,
IREN,41,1.11,,41.29,7.57,,,,40,5,8.99,12,60,0.54,46.62,1,
MRVL,27,1.1,,87.91,16.89,,,,85,6.8,4.42,8,115,0.1,30.93,0,
DECK,6,1.1,,100.43,18.33,,,,100,2.5,2.06,2,108,0.15,7.69,0,
ETSY,89,1.1,,52.84,-11.32,,,,50,7.25,8.35,14.000000000000002,105,0.01,98.73,0,
FORM,27,1.1,,92.22,13.34,,,,90,6.9,5.07,7.000000000000001,120,0.6,30.77,1,
FTAI,27,1.09,,230.03,3.26,,,,230,14.8,6.42,6,300,0.35,30.57,0,
HIMS,118,1.09,,22.02,2.38,,,,22,4.5,20.35,20,50,0.7,130.25,3,
GOLD,27,1.09,,42.26,26.26,,,,40,3.5,2.93,8,55,0.2,30.62,0,
GNRC,27,1.09,,199.31,44.86,,,,195,13.7,4.71,7.000000000000001,260,0.35,30.63,0,
GLW,55,1.09,,124.58,13.78,,,,120,15,8.36,12,200,0.36,60.83,0,
NEM,89,1.09,,95.8,31.11,,,,95,10.05,9.66,10,190,0.01,98.34,0,
ELF,34,1.09,,72.5,19.68,,,,72,5,6.21,7.000000000000001,100,0.05,38,0,
BIDU,20,1.08,,114.26,113.42,,,,110,6.8,2.22,6,140,0.25,22.75,0,
CLS,89,1.08,,269.1,19.29,,,,260,45,13.34,17,530,0.95,97.31,0,
AG,118,1.06,,18.27,5.62,,,,18,3.3,16.58,18,41,0.32,126.16,2,
BTBT,153,1.06,,1.55,2.79,,,,1.5,0.25,12.9,16,4,0.08,163.23,5,
AEO,20,1.06,,17.22,10.01,,,,17,0.92,4.07,5,21,0.04,22.18,0,
AMD,153,1.06,,201.33,38.65,,,,200,30.95,14.71,15,530,0.23,163.36,0,
FSM,181,1.06,,8.57,5.49,,,,7.5,2,10.85,23,25,0.05,192.3,1,
EGO,55,1.06,,31.4,21.61,,,,31,3,8.28,10,50,0.05,59.39,0,
ATEX,27,1.06,,39.34,12.68,,,,35,5.6,3.2,14.000000000000002,50,1,29.64,3,
AFRM,153,1.06,,43.81,10.68,,,,42.5,9.1,17.78,21,115,0.19,162.93,0,
HL,181,1.05,,17.24,3.87,,,,17,3.6,19.49,21,50,0.26,191.53,2,
GEV,27,1.05,,851.07,41.47,,,,850,49.4,5.68,6,1100,0.55,29.31,0,
AISP,118,1.04,,2.28,-0.21,,,,2,0.55,11.84,24,5,0.1,123.68,4,
CEG,34,1.04,,281.99,46.48,,,,280,19.1,6.07,7.000000000000001,385,0.05,36.55,0,
LC,27,1.04,,13.98,13.01,,,,13,1.3,2.29,9,18,0.05,29.11,0,
HOOD,300,1.03,,70.89,10.14,,,,70,17.95,24.07,25,290,0.26,309.45,0,
NVO,181,1.03,,36.53,6.77,,,,35,5.1,9.77,14.000000000000002,105,0.1,187.71,0,
LRCX,55,1.03,,228.36,8.11,,,,220,27.6,8.43,12,360,0.54,57.88,0,
LYFT,118,1.03,,13.47,8.17,,,,13,1.93,10.84,14.000000000000002,30,0.04,123.01,0,
FUTU,89,1.03,,135.02,36.62,,,,135,13.15,9.72,10,260,0.08,92.62,0,
NVAX,20,1.02,,9.62,-0.79,,,,8.5,0.67,0,7.000000000000001,11.5,0.18,21.41,2,
CCJ,89,1.02,,101.55,11.54,,,,100,12.5,10.78,12,195,0.01,92.03,0,
APPN,27,1.02,,25.32,-0.64,,,,25,1.45,4.46,6,32.5,0.05,28.55,0,
ERO,27,1.01,,23.59,8.98,,,,22.5,2.2,4.71,9,30,0.25,28.23,1,
AEO,27,1.01,,17.22,10.01,,,,17,0.96,4.3,6,22,0.09,28.28,1,
LITE,41,1.01,,706.35,11.86,,,,700,92.2,12.15,13,990,17,42.56,2,
FIX,55,1.01,,1356.75,69.73,,,,1200,236,5.84,17,2120,2,56.4,0,
IREN,118,1.01,,41.29,7.57,,,,41,7.95,18.55,19,90,1,120.39,2,
DDOG,27,1.01,,125.08,10.59,,,,125,7.35,5.81,6,160,0.32,28.17,0,
CVNA,153,1.01,,281.28,24.19,,,,280,58.35,20.29,21,720,0.65,156.2,0,
GFS,27,1,,43.08,21.46,,,,40,4.5,3.3,10,55,0.2,28.13,0,
INOD,12,1,,43.66,3.31,,,,42,2.7,2.38,6,49,0.35,13.03,1,
IAG,55,1,,16.07,7.09,,,,16,1.5,8.9,9,25,0.05,55.88,0,
GEO,27,1,,16.43,11.26,,,,16,1.3,5.3,8,21,0.05,28.12,0,
HOOD,181,1,,70.89,10.14,,,,70,13.65,18,19,200,0.23,182.45,0,
EXPE,27,0.99,,235.18,10.48,,,,230,16.25,4.71,7.000000000000001,300,0.12,27.61,0,
NBIS,41,0.99,,117.62,18.23,,,,117,12,9.68,10,165,1.72,41.74,1,
NOK,89,0.99,,7.98,4.35,,,,7,1.3,4.01,16,15,0.08,88.97,1,
CEG,20,0.99,,281.99,46.48,,,,280,15,4.61,5,340,0.35,20.7,0,
FSLR,55,0.99,,192.82,88.88,,,,190,18.6,8.18,10,300,0.15,55.66,0,
APP,153,0.98,,442.39,6.31,,,,440,88,19.35,20,1110,2.35,151.44,1,
HUBS,55,0.98,,258.81,39.32,,,,240,37.8,7.34,15,400,1.35,55.08,1,
LB,27,0.98,,70.95,12.22,,,,70,4.5,5,6,90,0.5,27.55,1,
ALAB,244,0.97,,116.04,8.01,,,,115,31.55,26.29,27,390,2.08,237.88,2,
FIGR,153,0.97,,34.29,5.68,,,,32.5,7.9,17.82,23,85,0.7,149.93,2,
MU,118,0.97,,422.9,64.24,,,,420,69.15,15.67,16,910,2,115.65,0,
ALTS,55,0.97,,1.36,12.18,,,,1,0.35,0,26,2,0.1,54.41,7.000000000000001,
AEO,34,0.97,,17.22,10.01,,,,3,13.55,0,79,23,0.04,33.8,0,
CRCL,41,0.97,,126.03,13.74,,,,122,13.7,7.67,11,175,2.32,40.7,2,
CMCL,89,0.96,,21.44,12.81,,,,20,2.4,4.48,11,40,0.05,86.8,0,
IONQ,300,0.96,,31.2,10.48,,,,30,10.2,28.85,33,120,1,287.82,3,
CAMT,27,0.96,,165.95,13.46,,,,165,12,6.66,7.000000000000001,210,0.75,27,0,
CVNA,118,0.96,,281.28,24.19,,,,280,49.5,17.14,18,600,1,113.67,0,
AFRM,181,0.96,,43.81,10.68,,,,37.5,12.45,14.02,28.000000000000004,120,0.18,174.32,0,
ARWR,89,0.96,,56.33,4.14,,,,52.5,8.5,8.29,15,105,0.25,86.85,0,
DAVE,55,0.95,,209.82,26.03,,,,200,27.1,8.24,13,320,1,52.99,0,
GEV,20,0.95,,851.07,41.47,,,,850,44,5.04,5,1020,0.35,19.89,0,
CCJ,34,0.95,,101.55,11.54,,,,100,7.65,6.01,8,135,0.44,33.37,0,
INOD,20,0.94,,43.66,3.31,,,,43,2.65,4.56,6,52,0.3,19.79,1,
GLW,89,0.94,,124.58,13.78,,,,120,18.5,11.17,15,230,0.5,85.02,0,
ERO,118,0.94,,23.59,8.98,,,,22.5,3.8,11.49,16,50,0.05,112.17,0,
BIDU,89,0.93,,114.26,113.42,,,,110,12.45,7.17,11,210,0.3,84.05,0,
GLW,34,0.93,,124.58,13.78,,,,124,9,6.76,7.000000000000001,165,0.01,32.45,0,
IREN,181,0.93,,41.29,7.57,,,,40,11.65,25.09,28.000000000000004,110,1.3,169.56,3,
BTDR,34,0.93,,8.11,3.85,,,,8,0.95,10.36,12,10.5,0.25,32.55,3,
HOOD,272,0.93,,70.89,10.14,,,,70,16.75,22.37,24,250,0.08,252.77,0,
HUM,12,0.93,,169.9,146.42,,,,165,8.9,2.35,5,190,0.45,12.1,0,
IONQ,153,0.92,,31.2,10.48,,,,30,7.65,20.67,25,75,0.54,142.12,2,
HOOD,244,0.92,,70.89,10.14,,,,70,16.3,21.74,23,230,0.35,224.94,0,
BTGO,118,0.92,,9.66,3.36,,,,5,3.9,0,40,20,0.25,109.63,3,
NVAX,118,0.92,,9.62,-0.79,,,,9,1.98,14.14,21,20,0.17,109.67,2,
ALAB,153,0.92,,116.04,8.01,,,,115,25.15,20.78,22,280,1.15,142.29,1,
DOCN,6,0.91,,82.65,-0.31,,,,80,5,2.84,6,85,2.9,6.35,4,
CRK,27,0.91,,21.69,9.03,,,,21,1.8,5.12,8,27,0.2,25.4,1,
HUBS,89,0.91,,258.81,39.32,,,,250,39.2,11.74,15,470,1.1,82.03,0,
BILI,20,0.91,,24.08,5.39,,,,24,1.1,4.24,5,28.5,0.17,19.06,1,
MRVL,89,0.91,,87.91,16.89,,,,87.5,10.5,11.48,12,160,0.25,82.29,0,
DFDV,300,0.91,,4.09,8.8,,,,2.5,1.15,0,28.000000000000004,15,0.25,272.86,6,
AMD,181,0.9,,201.33,38.65,,,,200,33.55,16,17,530,0.37,163.43,0,
LC,55,0.9,,13.98,13.01,,,,12,2.45,3.36,18,21,0.05,50.57,0,
DOCN,12,0.9,,82.65,-0.31,,,,80,6.6,4.78,8,90,2.3,11.68,3,
MITK,27,0.89,,14.08,5.16,,,,12.5,1.65,0.5,12,17.5,0.1,25,1,
CAVA,20,0.89,,84.27,6.71,,,,84,3.8,4.19,5,100,0.09,18.77,0,
KD,300,0.89,,12.21,5.28,,,,8,5,6.47,41,45,0.05,268.96,0,
AXON,181,0.89,,496.27,40.43,,,,490,85.1,15.88,17,1300,0.05,161.96,0,
CLS,34,0.88,,269.1,19.29,,,,265,24.4,7.54,9,350,1.8,30.73,1,
NXT,55,0.88,,114.39,14.49,,,,110,13.8,8.23,12,170,0.7,49.23,1,
MOH,89,0.88,,139.41,79.78,,,,135,18.3,9.96,13,250,0.2,79.47,0,
LSCC,27,0.88,,88.62,5.22,,,,85,7.3,4.15,8,110,0.4,24.58,0,
DECK,27,0.88,,100.43,18.33,,,,100,4.9,4.45,5,125,0.1,24.56,0,
CRS,27,0.87,,362.4,39.86,,,,360,22.1,5.44,6,450,0.5,24.31,0,
KYIV,27,0.87,,10.1,5.63,,,,10,0.25,1.49,2,12.5,0.05,24.26,0,
HOOD,209,0.87,,70.89,10.14,,,,70,15,19.9,21,200,0.09,182.25,0,
FTAI,34,0.87,,230.03,3.26,,,,225,19,6.07,8,300,0.4,30.59,0,
NEM,118,0.87,,95.8,31.11,,,,95,10.7,10.33,11,195,0.11,103.66,0,
COHR,41,0.86,,253.63,45.56,,,,240,35.2,8.5,14.000000000000002,340,5.1,36.06,2,
FCX,41,0.86,,52.09,13.16,,,,52,3.65,6.83,7.000000000000001,71,0.01,36.32,0,
HIMS,153,0.86,,22.02,2.38,,,,22,5.1,23.07,23,50,1.14,132.24,5,
CVNA,181,0.86,,281.28,24.19,,,,280,62.45,21.75,22,720,1,156.33,0,
DDOG,55,0.86,,125.08,10.59,,,,125,11.75,9.33,9,185,0.44,48.26,0,
DAVE,27,0.86,,209.82,26.03,,,,200,18.8,4.28,9,260,0.4,24.11,0,
GEV,55,0.86,,851.07,41.47,,,,850,72.3,8.37,8,1260,0.6,48.12,0,
FTAI,55,0.86,,230.03,3.26,,,,230,23.1,10.03,10,340,0.65,48.09,0,
FUTU,55,0.86,,135.02,36.62,,,,130,12.65,5.65,9,200,0.02,48.14,0,
DELL,20,0.85,,157.67,-3.79,,,,157.5,7.6,4.71,5,185,0.69,17.77,0,
ACMR,153,0.85,,43.55,22.32,,,,39,10.8,14.35,25,100,0.5,130.77,1,
FUTU,34,0.85,,135.02,36.62,,,,125,13.1,2.28,10,175,0.3,29.83,0,
HOOD,363,0.85,,70.89,10.14,,,,70,20,26.96,28.000000000000004,290,0.4,309.65,1,
LIF,118,0.85,,39.83,2.3,,,,35,7.9,7.71,20,80,0.2,101.36,1,
LRN,89,0.85,,85.06,36.83,,,,85,9.5,11.1,11,150,0.05,76.4,0,
CRMD,89,0.85,,6.25,5.11,,,,6,0.5,4,8,11,0.05,76.8,1,
DOCN,27,0.85,,82.65,-0.31,,,,80,8.1,6.59,10,100,2.3,23.77,3,
FIGS,27,0.85,,14.21,2.64,,,,5,9.1,0,64,17.5,0.1,23.86,1,
CRCL,300,0.85,,126.03,13.74,,,,125,34.2,26.32,27,445,3.1,255.55,2,
LRN,27,0.84,,85.06,36.83,,,,85,3.9,4.51,5,105,0.1,23.56,0,
AMPY,27,0.84,,6.52,11.27,,,,6,0.75,3.53,12,8,0.05,23.47,1,
CLS,41,0.84,,269.1,19.29,,,,260,33.5,9.07,12,360,4.2,35.34,2,
AMKR,89,0.84,,45.81,18.08,,,,45,7.1,13.73,15,80,0.35,75.4,1,
COHR,89,0.84,,253.63,45.56,,,,250,46.8,17.02,18,440,5.6,75.69,2,
ALAB,118,0.84,,116.04,8.01,,,,115,21.6,17.72,19,230,2.2,100.1,2,
CGON,27,0.84,,65.08,9.33,,,,65,4.1,6.18,6,80,0.45,23.62,1,
CLBT,27,0.83,,14.27,1.95,,,,12.5,1.8,0.21,13,17.5,0.1,23.34,1,
IAG,89,0.83,,16.07,7.09,,,,16,1.85,11.08,12,28,0.05,74.55,0,
CDE,153,0.83,,17.67,5.16,,,,17.5,3.5,18.85,20,40,0.3,128.07,2,
DECK,12,0.83,,100.43,18.33,,,,100,3.3,2.86,3,111,0.25,10.77,0,
APP,181,0.83,,442.39,6.31,,,,440,95.6,21.07,22,1110,3.5,151.7,1,
CRCL,34,0.83,,126.03,13.74,,,,125,11.25,8.11,9,160,2.51,28.95,2,
DELL,55,0.82,,157.67,-3.79,,,,155,13.55,6.9,9,230,0.35,46.1,0,
ISSC,27,0.82,,28.66,3.87,,,,25,3.7,0.14,13,35,0.2,22.82,1,
LYFT,41,0.81,,13.47,8.17,,,,13,1.03,4.16,8,18,0.06,34.08,0,
FCX,89,0.81,,52.09,13.16,,,,50,6.5,8.47,12,90,0.03,72.84,0,
AFRM,300,0.81,,43.81,10.68,,,,42.5,12.5,25.54,28.999999999999996,150,0.61,243.78,1,
KGC,20,0.81,,26.54,7.15,,,,26,1.45,3.43,5,31,0.08,17.11,0,
FSLR,20,0.81,,192.82,88.88,,,,190,9.8,3.62,5,225,0.7,17.05,0,
CRMD,55,0.81,,6.25,5.11,,,,6,0.2,0,3,9,0.1,45.6,2,
BVN,27,0.81,,30.29,15.99,,,,30,1.75,4.82,6,37,0.15,22.65,0,
INOD,118,0.8,,43.66,3.31,,,,40,8.1,10.17,19,85,0.25,95.26,1,
LRCX,34,0.8,,228.36,8.11,,,,225,19.65,7.13,9,290,2.05,27.89,1,
ENTG,27,0.8,,114.66,26.03,,,,110,10.1,4.74,9,140,0.45,22.49,0,
HBM,118,0.8,,18.08,8.14,,,,17.5,2.5,10.62,14.000000000000002,35,0.2,94.69,1,
NBIS,89,0.8,,117.62,18.23,,,,115,20.85,15.5,18,200,2.7,72.33,2,
IREN,153,0.79,,41.29,7.57,,,,41,9.2,21.58,22,90,1.27,121.05,3,
ALAB,300,0.79,,116.04,8.01,,,,115,34,28.4,28.999999999999996,390,2.71,238.43,2,
ANF,89,0.79,,87.98,30.74,,,,85,11.8,10.03,13,150,0.2,70.72,0,
FSLR,89,0.79,,192.82,88.88,,,,190,24.35,11.17,13,330,0.01,71.15,0,
CELH,34,0.79,,41.51,4.6,,,,40,3.4,4.55,8,53,0.02,27.73,0,
DKNG,300,0.79,,23.67,1.28,,,,23,5.2,19.14,22,80,0.07,238.28,0,
DFDV,671,0.79,,4.09,8.8,,,,2.5,2.6,24.69,64,25,0.75,529.58,18,
AGI,89,0.78,,38.27,10.59,,,,38,4.7,11.58,12,65,0.15,70.24,0,
MOD,55,0.78,,196.55,21.25,,,,180,30,6.84,15,280,1.95,43.45,1,
CRCL,272,0.78,,126.03,13.74,,,,125,34,26.16,27,390,3.25,212.03,3,
IPI,89,0.78,,38.76,37.42,,,,38,4.4,9.39,11,65,0.8,69.76,2,
BTG,118,0.78,,3.92,2.68,,,,3.5,0.55,3.32,14.000000000000002,7.5,0.05,92.6,1,
AMSC,300,0.77,,28.74,11.28,,,,25,8.7,17.26,30,95,0.05,230.72,0,
GEV,34,0.77,,851.07,41.47,,,,850,56.9,6.56,7.000000000000001,1080,0.85,27,0,
BTCS,300,0.77,,1.55,4.75,,,,1.5,0.25,12.9,16,5,0.15,232.26,10,
NESR,27,0.77,,20.64,9.6,,,,17.5,3.3,0.78,16,25,0.1,21.61,0,
AA,89,0.77,,56.45,23.25,,,,55,8,11.6,14.000000000000002,95,0.56,69.28,1,
GDS,27,0.77,,41.38,19.23,,,,41,2.3,4.64,6,50,0.35,21.68,1,
APP,41,0.76,,442.39,6.31,,,,440,40.1,8.52,9,580,3.7,31.94,1,
MUX,153,0.76,,18.51,9.84,,,,18,3.6,16.69,19,40,0.3,117.72,2,
DDOG,89,0.76,,125.08,10.59,,,,125,14.3,11.37,11,210,0.08,67.96,0,
MNDY,300,0.75,,73.85,24.56,,,,65,20.3,15.5,27,240,1.4,226.88,2,
DFDV,118,0.75,,4.09,8.8,,,,2.5,1.25,0,31,7.5,0.25,89.49,6,
KRMN,89,0.75,,99.38,2.79,,,,95,16.4,12.09,17,165,1.6,67.64,2,
ATEX,55,0.75,,39.34,12.68,,,,35,6.9,6.51,18,55,0.95,42.22,2,
CGNX,55,0.75,,49.24,8.93,,,,40,9.7,0.93,20,70,0.05,42.26,0,
MU,153,0.75,,422.9,64.24,,,,420,78.15,17.79,18,910,4.2,116.17,1,
ILMN,27,0.75,,124.33,17.8,,,,120,7.7,2.71,6,150,0.35,20.93,0,
